#	Temperatur 1 (°C)	Temperatur 2 (°C)	Temperatur 3 (°C)	Temperatur 4 (°C)	Temperatur 5 (°C)	Temperatur 6 (°C)	Temperatur 7 (°C)	Temperatur 8 (°C)
1	31.45	33.64	34.24	31.40	32.51	33.83	33.16	29.54
2	31.46	33.63	34.22	31.42	32.52	33.82	33.17	29.55
3	31.47	33.63	34.22	31.43	32.53	33.85	33.18	29.55
4	31.48	33.66	34.26	31.45	32.54	33.96	33.18	29.55
5	31.50	33.71	34.35	31.46	32.55	34.13	33.19	29.55
6	31.51	33.80	34.47	31.47	32.57	34.36	33.20	29.56
7	31.52	33.93	34.64	31.48	32.58	34.65	33.21	29.56
8	31.54	34.08	34.84	31.50	32.60	34.99	33.23	29.56
9	31.55	34.27	35.07	31.50	32.64	35.34	33.26	29.56
10	31.56	34.48	35.32	31.52	32.68	35.73	33.29	29.57
11	31.58	34.70	35.60	31.53	32.74	36.13	33.33	29.57
12	31.60	34.94	35.90	31.55	32.81	36.56	33.38	29.57
13	31.61	35.21	36.22	31.57	32.88	36.97	33.43	29.58
14	31.63	35.48	36.54	31.59	32.98	37.40	33.50	29.58
15	31.66	35.77	36.87	31.62	33.08	37.83	33.58	29.58
16	31.69	36.06	37.22	31.64	33.20	38.26	33.66	29.58
17	31.71	36.36	37.57	31.67	33.32	38.68	33.76	29.59
18	31.75	36.66	37.92	31.71	33.45	39.11	33.86	29.59
19	31.78	36.97	38.28	31.76	33.59	39.52	33.97	29.60
20	31.83	37.29	38.63	31.80	33.74	39.94	34.09	29.60
21	31.87	37.59	38.99	31.85	33.89	40.35	34.21	29.60
22	31.92	37.91	39.36	31.90	34.06	40.74	34.35	29.61
23	31.98	38.22	39.71	31.96	34.22	41.15	34.50	29.61
24	32.04	38.54	40.07	32.02	34.39	41.52	34.65	29.61
25	32.10	38.85	40.41	32.09	34.57	41.91	34.80	29.62
26	32.16	39.16	40.77	32.16	34.75	42.28	34.96	29.62
27	32.24	39.47	41.12	32.23	34.94	42.65	35.12	29.63
28	32.31	39.77	41.46	32.31	35.12	43.01	35.30	29.63
29	32.39	40.08	41.79	32.40	35.31	43.37	35.47	29.64
30	32.48	40.37	42.13	32.48	35.51	43.72	35.65	29.64
31	32.56	40.67	42.47	32.57	35.70	44.05	35.83	29.65
32	32.64	40.96	42.79	32.66	35.90	44.39	36.02	29.65
33	32.73	41.26	43.12	32.76	36.10	44.71	36.20	29.66
34	32.83	41.55	43.43	32.86	36.30	45.04	36.40	29.66
35	32.93	41.82	43.75	32.96	36.50	45.36	36.59	29.67
36	33.03	42.10	44.07	33.07	36.70	45.66	36.79	29.67
37	33.14	42.38	44.36	33.18	36.92	45.97	36.99	29.68
38	33.23	42.65	44.67	33.28	37.13	46.27	37.18	29.69
39	33.35	42.92	44.97	33.39	37.32	46.55	37.38	29.69
40	33.45	43.18	45.25	33.50	37.53	46.84	37.59	29.69
41	33.56	43.43	45.54	33.62	37.74	47.13	37.80	29.70
42	33.67	43.70	45.83	33.74	37.94	47.40	38.00	29.70
43	33.79	43.96	46.10	33.86	38.16	47.67	38.21	29.71
44	33.90	44.19	46.38	33.98	38.36	47.95	38.41	29.72
45	34.02	44.44	46.65	34.10	38.57	48.20	38.62	29.73
46	34.14	44.69	46.90	34.22	38.78	48.47	38.82	29.73
47	34.26	44.92	47.17	34.35	38.99	48.72	39.03	29.74
48	34.38	45.15	47.42	34.47	39.20	48.97	39.24	29.75
49	34.51	45.38	47.68	34.60	39.41	49.22	39.44	29.75
50	34.63	45.61	47.92	34.72	39.61	49.46	39.65	29.76
51	34.75	45.83	48.17	34.85	39.82	49.71	39.86	29.77
52	34.88	46.05	48.41	34.98	40.03	49.94	40.07	29.78
53	35.00	46.26	48.64	35.11	40.24	50.17	40.27	29.78
54	35.12	46.48	48.87	35.24	40.44	50.39	40.47	29.79
55	35.25	46.69	49.10	35.37	40.64	50.62	40.68	29.81
56	35.38	46.89	49.33	35.50	40.85	50.84	40.89	29.81
57	35.51	47.09	49.54	35.64	41.05	51.06	41.09	29.82
58	35.65	47.30	49.76	35.76	41.25	51.27	41.29	29.83
59	35.77	47.49	49.97	35.90	41.46	51.49	41.50	29.84
60	35.90	47.69	50.18	36.03	41.65	51.69	41.69	29.85
61	36.03	47.87	50.38	36.16	41.86	51.90	41.89	29.86
62	36.16	48.07	50.58	36.29	42.06	52.10	42.08	29.87
63	36.28	48.26	50.79	36.42	42.26	52.30	42.29	29.88
64	36.41	48.44	50.98	36.56	42.46	52.50	42.48	29.90
65	36.55	48.61	51.17	36.69	42.65	52.69	42.68	29.90
66	36.67	48.79	51.36	36.82	42.85	52.88	42.87	29.91
67	36.81	48.97	51.54	36.96	43.05	53.07	43.06	29.93
68	36.94	49.14	51.73	37.09	43.24	53.26	43.25	29.94
69	37.06	49.31	51.90	37.22	43.43	53.45	43.44	29.95
70	37.19	49.48	52.08	37.35	43.63	53.62	43.62	29.96
71	37.32	49.64	52.25	37.48	43.82	53.80	43.81	29.98
72	37.45	49.80	52.42	37.61	44.01	53.99	44.00	29.99
73	37.58	49.96	52.59	37.75	44.21	54.16	44.19	30.01
74	37.71	50.12	52.75	37.87	44.38	54.34	44.37	30.01
75	37.84	50.27	52.92	38.00	44.57	54.50	44.56	30.03
76	37.97	50.43	53.08	38.14	44.76	54.67	44.73	30.04
77	38.09	50.58	53.23	38.26	44.95	54.84	44.91	30.06
78	38.22	50.73	53.39	38.39	45.13	55.01	45.08	30.07
79	38.35	50.88	53.54	38.52	45.31	55.17	45.26	30.09
80	38.48	51.02	53.69	38.65	45.50	55.34	45.43	30.10
81	38.61	51.17	53.84	38.78	45.68	55.50	45.60	30.12
82	38.74	51.31	53.98	38.91	45.86	55.66	45.78	30.14
83	38.86	51.45	54.12	39.04	46.04	55.80	45.94	30.15
84	38.99	51.56	54.23	39.16	46.22	55.90	46.11	30.17
85	39.12	51.66	54.31	39.29	46.40	55.94	46.27	30.19
86	39.24	51.72	54.34	39.42	46.57	55.91	46.44	30.20
87	39.36	51.75	54.34	39.54	46.73	55.83	46.60	30.22
88	39.49	51.75	54.29	39.67	46.90	55.70	46.75	30.24
89	39.61	51.72	54.21	39.78	47.05	55.55	46.89	30.26
90	39.73	51.66	54.11	39.91	47.20	55.36	47.03	30.28
91	39.86	51.59	53.98	40.03	47.33	55.15	47.16	30.30
92	39.97	51.49	53.83	40.15	47.45	54.92	47.28	30.32
93	40.09	51.38	53.67	40.26	47.56	54.68	47.39	30.34
94	40.21	51.25	53.49	40.37	47.66	54.45	47.49	30.36
95	40.31	51.12	53.30	40.48	47.75	54.19	47.58	30.38
96	40.43	50.96	53.10	40.58	47.82	53.94	47.66	30.40
97	40.53	50.80	52.89	40.68	47.89	53.68	47.73	30.41
98	40.63	50.64	52.67	40.77	47.94	53.43	47.79	30.44
99	40.72	50.48	52.46	40.87	47.99	53.18	47.84	30.45
100	40.81	50.30	52.23	40.95	48.03	52.93	47.88	30.48
101	40.90	50.12	52.01	41.03	48.07	52.68	47.91	30.50
102	40.99	49.94	51.79	41.10	48.09	52.44	47.93	30.53
103	41.06	49.76	51.56	41.18	48.10	52.20	47.94	30.55
104	41.13	49.58	51.34	41.24	48.11	51.97	47.95	30.57
105	41.20	49.40	51.11	41.30	48.11	51.74	47.95	30.59
106	41.27	49.22	50.89	41.36	48.12	51.51	47.94	30.61
107	41.33	49.03	50.67	41.41	48.11	51.30	47.92	30.64
108	41.39	48.86	50.45	41.46	48.10	51.08	47.90	30.66
109	41.44	48.68	50.23	41.50	48.09	50.87	47.87	30.68
110	41.48	48.50	50.02	41.55	48.07	50.66	47.84	30.71
111	41.53	48.32	49.80	41.59	48.04	50.46	47.80	30.74
112	41.57	48.15	49.60	41.61	48.02	50.26	47.76	30.76
113	41.61	47.98	49.39	41.64	47.99	50.07	47.72	30.78
114	41.64	47.81	49.18	41.68	47.96	49.88	47.66	30.81
115	41.67	47.65	48.98	41.69	47.93	49.70	47.61	30.83
116	41.70	47.48	48.78	41.71	47.89	49.52	47.55	30.86
117	41.73	47.32	48.59	41.73	47.85	49.35	47.49	30.88
118	41.75	47.16	48.39	41.74	47.81	49.18	47.42	30.91
119	41.77	47.01	48.20	41.76	47.77	49.01	47.36	30.93
120	41.78	46.85	48.02	41.77	47.73	48.85	47.28	30.96
121	41.80	46.70	47.83	41.77	47.68	48.69	47.21	30.99
122	41.82	46.55	47.65	41.78	47.63	48.54	47.13	31.01
123	41.83	46.41	47.48	41.78	47.58	48.39	47.05	31.04
124	41.84	46.27	47.31	41.78	47.53	48.24	46.98	31.06
125	41.84	46.12	47.15	41.78	47.49	48.09	46.89	31.09
126	41.85	45.99	46.97	41.77	47.43	47.95	46.82	31.12
127	41.85	45.86	46.81	41.77	47.38	47.82	46.73	31.14
128	41.85	45.74	46.65	41.76	47.32	47.68	46.64	31.17
129	41.85	45.60	46.50	41.75	47.27	47.55	46.56	31.20
130	41.86	45.47	46.34	41.75	47.21	47.42	46.47	31.22
131	41.85	45.35	46.20	41.73	47.15	47.29	46.38	31.25
132	41.85	45.23	46.05	41.72	47.09	47.17	46.29	31.27
133	41.85	45.11	45.90	41.71	47.04	47.05	46.20	31.30
134	41.84	45.00	45.77	41.70	46.98	46.93	46.11	31.33
135	41.84	44.88	45.63	41.67	46.92	46.82	46.02	31.35
136	41.83	44.77	45.49	41.66	46.86	46.71	45.92	31.38
137	41.81	44.66	45.36	41.65	46.80	46.60	45.83	31.41
138	41.81	44.56	45.23	41.63	46.74	46.49	45.75	31.44
139	41.80	44.45	45.10	41.61	46.68	46.38	45.65	31.46
140	41.79	44.36	44.97	41.59	46.61	46.28	45.56	31.49
141	41.78	44.26	44.86	41.57	46.55	46.18	45.47	31.51
142	41.77	44.16	44.74	41.55	46.49	46.08	45.37	31.54
143	41.76	44.07	44.62	41.52	46.43	45.98	45.28	31.57
144	41.74	43.97	44.51	41.50	46.37	45.88	45.19	31.60
145	41.73	43.88	44.40	41.48	46.31	45.79	45.09	31.62
146	41.71	43.79	44.29	41.46	46.24	45.70	45.01	31.65
147	41.70	43.70	44.18	41.44	46.17	45.61	44.92	31.68
148	41.69	43.61	44.08	41.41	46.12	45.52	44.83	31.70
149	41.67	43.54	43.98	41.39	46.05	45.43	44.74	31.73
150	41.65	43.45	43.88	41.36	45.99	45.35	44.65	31.76
151	41.63	43.37	43.78	41.34	45.93	45.26	44.56	31.78
152	41.62	43.30	43.68	41.31	45.87	45.17	44.47	31.80
153	41.60	43.22	43.59	41.29	45.81	45.10	44.38	31.83
154	41.58	43.15	43.50	41.26	45.74	45.02	44.29	31.85
155	41.57	43.07	43.41	41.24	45.68	44.95	44.21	31.87
156	41.55	43.01	43.33	41.21	45.62	44.87	44.13	31.90
157	41.53	42.93	43.24	41.19	45.56	44.80	44.04	31.93
158	41.52	42.87	43.16	41.16	45.50	44.72	43.95	31.95
159	41.49	42.79	43.07	41.13	45.44	44.65	43.87	31.97
160	41.48	42.73	42.99	41.11	45.38	44.57	43.78	32.00
161	41.46	42.67	42.91	41.08	45.31	44.50	43.70	32.02
162	41.44	42.61	42.84	41.05	45.25	44.43	43.62	32.05
163	41.42	42.55	42.77	41.03	45.19	44.39	43.54	32.07
164	41.40	42.52	42.74	41.00	45.13	44.41	43.46	32.09
165	41.38	42.51	42.75	40.97	45.07	44.49	43.39	32.12
166	41.36	42.54	42.80	40.95	45.02	44.65	43.31	32.13
167	41.34	42.60	42.88	40.91	44.97	44.86	43.23	32.16
168	41.32	42.70	43.01	40.89	44.92	45.11	43.17	32.18
169	41.31	42.82	43.18	40.86	44.89	45.41	43.10	32.21
170	41.29	42.98	43.36	40.84	44.86	45.72	43.05	32.23
171	41.27	43.15	43.58	40.82	44.85	46.06	43.01	32.25
172	41.26	43.34	43.81	40.80	44.85	46.42	42.98	32.28
173	41.24	43.54	44.06	40.78	44.86	46.78	42.95	32.30
174	41.23	43.77	44.32	40.77	44.88	47.14	42.94	32.31
175	41.23	44.00	44.60	40.75	44.91	47.52	42.94	32.33
176	41.22	44.25	44.89	40.75	44.96	47.89	42.95	32.35
177	41.22	44.50	45.18	40.73	45.01	48.26	42.96	32.38
178	41.23	44.75	45.47	40.74	45.07	48.62	42.99	32.39
179	41.23	45.02	45.78	40.74	45.15	48.98	43.03	32.41
180	41.25	45.29	46.08	40.75	45.23	49.35	43.07	32.43
181	41.26	45.56	46.39	40.76	45.32	49.70	43.13	32.45
182	41.28	45.83	46.69	40.78	45.41	50.04	43.19	32.47
183	41.31	46.11	47.00	40.80	45.52	50.39	43.26	32.49
184	41.34	46.38	47.31	40.83	45.62	50.72	43.34	32.51
185	41.37	46.64	47.61	40.86	45.73	51.06	43.42	32.53
186	41.41	46.92	47.92	40.89	45.85	51.37	43.51	32.55
187	41.45	47.18	48.21	40.93	45.98	51.70	43.61	32.57
188	41.49	47.46	48.51	40.97	46.10	52.00	43.71	32.59
189	41.54	47.71	48.80	41.02	46.23	52.31	43.82	32.60
190	41.60	47.98	49.10	41.07	46.35	52.60	43.93	32.63
191	41.65	48.24	49.38	41.13	46.50	52.91	44.05	32.64
192	41.71	48.50	49.67	41.19	46.64	53.18	44.18	32.65
193	41.78	48.75	49.95	41.25	46.77	53.47	44.30	32.67
194	41.84	49.00	50.23	41.32	46.92	53.74	44.43	32.68
195	41.91	49.26	50.50	41.38	47.06	54.01	44.57	32.71
196	41.99	49.50	50.78	41.46	47.21	54.28	44.70	32.72
197	42.06	49.74	51.05	41.53	47.35	54.53	44.83	32.74
198	42.13	49.98	51.31	41.61	47.50	54.79	44.98	32.76
199	42.22	50.22	51.57	41.68	47.66	55.03	45.12	32.78
200	42.29	50.45	51.82	41.77	47.80	55.28	45.27	32.79
201	42.38	50.68	52.07	41.85	47.95	55.51	45.42	32.81
202	42.46	50.90	52.32	41.93	48.11	55.75	45.57	32.82
203	42.55	51.12	52.56	42.01	48.26	55.98	45.72	32.84
204	42.64	51.34	52.80	42.11	48.41	56.20	45.88	32.86
205	42.73	51.55	53.04	42.19	48.57	56.42	46.03	32.87
206	42.82	51.76	53.27	42.29	48.72	56.64	46.19	32.89
207	42.91	51.97	53.50	42.38	48.88	56.85	46.34	32.90
208	43.01	52.18	53.72	42.47	49.03	57.07	46.50	32.92
209	43.10	52.37	53.94	42.57	49.19	57.27	46.66	32.94
210	43.20	52.58	54.15	42.66	49.34	57.47	46.82	32.95
211	43.30	52.77	54.37	42.77	49.49	57.67	46.97	32.97
212	43.39	52.96	54.58	42.85	49.65	57.86	47.13	32.99
213	43.49	53.15	54.78	42.95	49.81	58.06	47.29	33.00
214	43.59	53.34	54.99	43.05	49.96	58.24	47.45	33.02
215	43.70	53.52	55.18	43.16	50.12	58.43	47.61	33.03
216	43.79	53.69	55.38	43.26	50.27	58.60	47.76	33.05
217	43.90	53.87	55.56	43.36	50.42	58.79	47.92	33.06
218	44.00	54.05	55.75	43.46	50.58	58.97	48.08	33.08
219	44.11	54.23	55.93	43.56	50.73	59.14	48.24	33.10
220	44.21	54.39	56.12	43.66	50.89	59.31	48.39	33.11
221	44.31	54.56	56.29	43.76	51.04	59.48	48.55	33.13
222	44.41	54.72	56.47	43.87	51.20	59.64	48.71	33.15
223	44.52	54.88	56.65	43.97	51.34	59.81	48.86	33.16
224	44.62	55.04	56.81	44.07	51.50	59.97	49.02	33.18
225	44.73	55.20	56.98	44.18	51.65	60.13	49.17	33.19
226	44.83	55.35	57.14	44.28	51.80	60.29	49.33	33.21
227	44.94	55.50	57.30	44.38	51.95	60.44	49.47	33.23
228	45.04	55.65	57.46	44.48	52.10	60.59	49.63	33.24
229	45.15	55.80	57.61	44.59	52.25	60.74	49.78	33.26
230	45.25	55.95	57.77	44.69	52.39	60.89	49.93	33.28
231	45.36	56.08	57.91	44.80	52.54	61.05	50.08	33.29
232	45.46	56.23	58.06	44.90	52.69	61.19	50.22	33.32
233	45.57	56.37	58.20	45.01	52.83	61.33	50.37	33.33
234	45.67	56.50	58.35	45.11	52.98	61.48	50.51	33.35
235	45.78	56.64	58.49	45.21	53.12	61.61	50.66	33.36
236	45.88	56.77	58.62	45.31	53.27	61.75	50.81	33.38
237	45.99	56.90	58.77	45.42	53.42	61.89	50.95	33.40
238	46.09	57.03	58.89	45.52	53.56	62.02	51.08	33.42
239	46.19	57.16	59.03	45.62	53.70	62.15	51.22	33.43
240	46.30	57.28	59.15	45.72	53.84	62.28	51.36	33.45
241	46.40	57.40	59.28	45.82	53.99	62.42	51.50	33.47
242	46.51	57.53	59.40	45.92	54.12	62.54	51.64	33.49
243	46.61	57.64	59.51	46.02	54.26	62.65	51.77	33.51
244	46.72	57.74	59.60	46.12	54.40	62.71	51.91	33.53
245	46.82	57.81	59.65	46.23	54.54	62.71	52.04	33.55
246	46.92	57.85	59.65	46.33	54.67	62.64	52.17	33.57
247	47.02	57.85	59.62	46.43	54.80	62.53	52.30	33.59
248	47.12	57.83	59.56	46.53	54.92	62.38	52.42	33.61
249	47.22	57.78	59.46	46.62	55.04	62.19	52.53	33.63
250	47.33	57.70	59.34	46.72	55.14	61.97	52.64	33.64
251	47.42	57.61	59.19	46.81	55.24	61.73	52.74	33.66
252	47.52	57.50	59.02	46.90	55.32	61.48	52.83	33.69
253	47.62	57.37	58.85	47.00	55.39	61.22	52.91	33.71
254	47.71	57.22	58.65	47.08	55.45	60.96	52.98	33.73
255	47.80	57.07	58.44	47.17	55.51	60.68	53.04	33.75
256	47.88	56.91	58.24	47.25	55.54	60.41	53.09	33.77
257	47.96	56.73	58.01	47.32	55.58	60.13	53.13	33.79
258	48.04	56.55	57.79	47.39	55.59	59.86	53.16	33.81
259	48.11	56.37	57.56	47.46	55.61	59.58	53.18	33.84
260	48.18	56.18	57.32	47.52	55.61	59.31	53.19	33.86
261	48.25	56.00	57.10	47.58	55.61	59.05	53.20	33.88
262	48.31	55.80	56.86	47.63	55.60	58.78	53.20	33.90
263	48.36	55.60	56.62	47.67	55.58	58.52	53.19	33.93
264	48.42	55.42	56.39	47.72	55.56	58.27	53.17	33.95
265	48.46	55.22	56.15	47.76	55.53	58.02	53.14	33.97
266	48.51	55.03	55.92	47.79	55.50	57.77	53.11	34.00
267	48.55	54.83	55.69	47.82	55.47	57.53	53.07	34.02
268	48.58	54.64	55.46	47.85	55.42	57.29	53.03	34.04
269	48.61	54.45	55.23	47.87	55.38	57.06	52.98	34.07
270	48.64	54.27	55.01	47.89	55.33	56.83	52.93	34.09
271	48.66	54.07	54.78	47.91	55.28	56.62	52.87	34.11
272	48.69	53.89	54.57	47.91	55.23	56.40	52.80	34.13
273	48.70	53.71	54.35	47.93	55.17	56.18	52.74	34.16
274	48.72	53.53	54.14	47.93	55.10	55.98	52.66	34.18
275	48.73	53.36	53.92	47.93	55.04	55.77	52.59	34.21
276	48.74	53.18	53.71	47.93	54.98	55.58	52.51	34.23
277	48.75	53.01	53.51	47.93	54.91	55.39	52.43	34.26
278	48.75	52.84	53.31	47.92	54.84	55.20	52.34	34.28
279	48.75	52.67	53.12	47.92	54.77	55.01	52.25	34.30
280	48.75	52.51	52.92	47.90	54.70	54.82	52.17	34.33
281	48.75	52.35	52.73	47.89	54.63	54.65	52.07	34.35
282	48.74	52.19	52.54	47.87	54.55	54.48	51.98	34.38
283	48.74	52.03	52.36	47.86	54.48	54.31	51.88	34.40
284	48.73	51.88	52.17	47.84	54.40	54.14	51.79	34.43
285	48.71	51.73	52.00	47.81	54.32	53.98	51.69	34.45
286	48.70	51.59	51.82	47.79	54.24	53.82	51.59	34.48
287	48.69	51.44	51.65	47.77	54.17	53.67	51.49	34.50
288	48.67	51.30	51.48	47.75	54.08	53.51	51.39	34.53
289	48.65	51.17	51.32	47.72	54.00	53.36	51.28	34.55
290	48.64	51.03	51.16	47.69	53.92	53.21	51.18	34.57
291	48.62	50.89	51.00	47.66	53.84	53.08	51.08	34.60
292	48.60	50.77	50.85	47.64	53.76	52.93	50.97	34.63
293	48.57	50.64	50.70	47.61	53.67	52.79	50.87	34.65
294	48.55	50.51	50.54	47.57	53.59	52.66	50.76	34.68
295	48.53	50.39	50.40	47.54	53.51	52.53	50.66	34.70
296	48.50	50.26	50.26	47.51	53.42	52.40	50.55	34.72
297	48.48	50.15	50.11	47.48	53.34	52.27	50.44	34.75
298	48.45	50.03	49.98	47.44	53.25	52.14	50.33	34.77
299	48.43	49.92	49.85	47.40	53.17	52.02	50.23	34.80
300	48.40	49.81	49.71	47.37	53.09	51.90	50.12	34.82
301	48.38	49.70	49.59	47.33	53.00	51.78	50.02	34.85
302	48.35	49.59	49.46	47.29	52.92	51.67	49.91	34.87
303	48.32	49.48	49.34	47.26	52.83	51.56	49.81	34.90
304	48.29	49.38	49.21	47.22	52.75	51.44	49.70	34.92
305	48.26	49.28	49.09	47.18	52.66	51.33	49.60	34.94
306	48.23	49.19	48.98	47.14	52.57	51.22	49.49	34.96
307	48.20	49.09	48.86	47.10	52.49	51.12	49.38	34.99
308	48.17	48.99	48.75	47.06	52.41	51.01	49.28	35.01
309	48.14	48.90	48.64	47.02	52.32	50.91	49.18	35.04
310	48.11	48.81	48.53	46.98	52.24	50.81	49.08	35.06
311	48.08	48.72	48.43	46.94	52.16	50.71	48.98	35.08
312	48.04	48.63	48.32	46.90	52.07	50.61	48.88	35.10
313	48.01	48.55	48.23	46.86	51.98	50.52	48.78	35.13
314	47.98	48.46	48.12	46.82	51.90	50.42	48.68	35.14
315	47.95	48.38	48.03	46.78	51.83	50.32	48.58	35.17
316	47.91	48.30	47.93	46.74	51.74	50.23	48.49	35.19
317	47.88	48.22	47.84	46.70	51.66	50.15	48.39	35.22
318	47.85	48.15	47.76	46.66	51.58	50.06	48.30	35.24
319	47.82	48.07	47.66	46.62	51.49	49.97	48.20	35.26
320	47.78	47.99	47.58	46.58	51.42	49.89	48.11	35.28
321	47.75	47.92	47.49	46.54	51.34	49.80	48.01	35.30
322	47.72	47.86	47.41	46.49	51.25	49.71	47.91	35.32
323	47.68	47.79	47.34	46.45	51.18	49.67	47.82	35.34
324	47.65	47.75	47.30	46.42	51.10	49.68	47.73	35.37
325	47.62	47.74	47.31	46.37	51.02	49.76	47.64	35.38
326	47.58	47.76	47.35	46.33	50.94	49.90	47.56	35.40
327	47.55	47.82	47.44	46.29	50.88	50.10	47.48	35.42
328	47.52	47.91	47.56	46.25	50.81	50.35	47.40	35.44
329	47.49	48.03	47.72	46.21	50.76	50.62	47.33	35.46
330	47.45	48.17	47.90	46.17	50.71	50.93	47.27	35.48
331	47.42	48.34	48.11	46.14	50.68	51.25	47.21	35.50
332	47.39	48.52	48.34	46.10	50.66	51.58	47.17	35.51
333	47.37	48.72	48.57	46.07	50.65	51.93	47.14	35.54
334	47.34	48.93	48.83	46.04	50.66	52.27	47.12	35.56
335	47.32	49.16	49.09	46.02	50.67	52.63	47.10	35.57
336	47.31	49.39	49.37	46.00	50.70	52.99	47.10	35.59
337	47.30	49.64	49.66	45.98	50.74	53.34	47.11	35.61
338	47.29	49.89	49.94	45.96	50.79	53.69	47.13	35.63
339	47.28	50.13	50.23	45.96	50.85	54.04	47.15	35.64
340	47.28	50.40	50.53	45.96	50.90	54.37	47.19	35.66
341	47.28	50.65	50.82	45.96	50.98	54.71	47.24	35.67
342	47.29	50.91	51.12	45.96	51.06	55.05	47.29	35.69
343	47.30	51.18	51.42	45.97	51.14	55.37	47.35	35.70
344	47.32	51.43	51.71	45.99	51.23	55.69	47.42	35.72
345	47.34	51.70	52.00	46.00	51.33	56.00	47.49	35.73
346	47.37	51.96	52.29	46.03	51.42	56.32	47.58	35.75
347	47.39	52.21	52.58	46.05	51.53	56.62	47.66	35.77
348	47.43	52.47	52.88	46.09	51.64	56.91	47.75	35.79
349	47.46	52.72	53.16	46.12	51.75	57.20	47.86	35.79
350	47.50	52.98	53.44	46.16	51.86	57.48	47.96	35.81
351	47.55	53.23	53.72	46.21	51.98	57.76	48.07	35.83
352	47.60	53.47	54.00	46.25	52.10	58.03	48.18	35.84
353	47.65	53.72	54.27	46.30	52.22	58.29	48.29	35.85
354	47.70	53.95	54.54	46.35	52.35	58.56	48.42	35.87
355	47.76	54.20	54.80	46.41	52.47	58.81	48.54	35.88
356	47.81	54.43	55.06	46.47	52.60	59.06	48.66	35.89
357	47.88	54.66	55.32	46.53	52.73	59.30	48.79	35.91
358	47.94	54.88	55.57	46.60	52.87	59.54	48.93	35.92
359	48.01	55.11	55.82	46.66	53.00	59.78	49.06	35.94
360	48.08	55.33	56.07	46.73	53.13	60.01	49.20	35.96
361	48.15	55.55	56.31	46.80	53.27	60.23	49.34	35.97
362	48.22	55.76	56.54	46.87	53.40	60.45	49.48	35.98
363	48.29	55.97	56.78	46.95	53.54	60.67	49.62	35.99
364	48.37	56.18	57.00	47.02	53.68	60.88	49.76	36.00
365	48.45	56.38	57.23	47.10	53.81	61.09	49.91	36.02
366	48.53	56.58	57.45	47.18	53.95	61.29	50.05	36.03
367	48.61	56.78	57.67	47.26	54.09	61.49	50.20	36.04
368	48.69	56.98	57.88	47.34	54.23	61.69	50.34	36.05
369	48.77	57.16	58.09	47.43	54.37	61.88	50.49	36.07
370	48.86	57.36	58.30	47.51	54.51	62.07	50.64	36.08
371	48.95	57.54	58.50	47.59	54.65	62.25	50.79	36.10
372	49.03	57.73	58.69	47.67	54.79	62.44	50.94	36.10
373	49.12	57.91	58.89	47.76	54.93	62.62	51.08	36.12
374	49.21	58.08	59.08	47.85	55.07	62.79	51.23	36.13
375	49.30	58.25	59.27	47.94	55.21	62.97	51.38	36.14
376	49.39	58.42	59.45	48.03	55.35	63.13	51.53	36.16
377	49.47	58.59	59.64	48.11	55.48	63.30	51.68	36.17
378	49.57	58.76	59.82	48.20	55.62	63.47	51.83	36.18
379	49.66	58.92	59.99	48.30	55.76	63.63	51.97	36.19
380	49.75	59.08	60.17	48.39	55.90	63.78	52.12	36.21
381	49.84	59.24	60.34	48.48	56.04	63.94	52.27	36.22
382	49.94	59.39	60.50	48.57	56.18	64.10	52.42	36.23
383	50.03	59.54	60.66	48.66	56.32	64.25	52.56	36.25
384	50.12	59.69	60.83	48.75	56.46	64.40	52.71	36.26
385	50.21	59.84	60.99	48.85	56.59	64.55	52.86	36.27
386	50.31	59.99	61.14	48.94	56.73	64.69	53.00	36.29
387	50.40	60.13	61.29	49.03	56.87	64.84	53.15	36.30
388	50.49	60.27	61.44	49.13	57.00	64.98	53.29	36.32
389	50.58	60.40	61.59	49.22	57.14	65.12	53.44	36.33
390	50.68	60.54	61.74	49.31	57.28	65.26	53.58	36.34
391	50.78	60.67	61.88	49.40	57.40	65.39	53.72	36.36
392	50.87	60.81	62.02	49.49	57.54	65.53	53.85	36.37
393	50.96	60.94	62.16	49.59	57.67	65.66	53.99	36.39
394	51.05	61.07	62.29	49.68	57.80	65.79	54.13	36.40
395	51.15	61.19	62.42	49.77	57.94	65.92	54.27	36.41
396	51.23	61.31	62.55	49.87	58.06	66.04	54.40	36.43
397	51.33	61.43	62.68	49.96	58.20	66.17	54.54	36.44
398	51.42	61.55	62.80	50.05	58.33	66.29	54.67	36.46
399	51.52	61.67	62.93	50.14	58.46	66.42	54.80	36.47
400	51.61	61.79	63.05	50.23	58.58	66.53	54.93	36.49
401	51.70	61.90	63.17	50.32	58.71	66.65	55.06	36.51
402	51.79	62.01	63.29	50.41	58.84	66.77	55.20	36.53
403	51.88	62.12	63.39	50.51	58.97	66.86	55.33	36.54
404	51.98	62.21	63.46	50.59	59.09	66.90	55.45	36.55
405	52.07	62.26	63.49	50.68	59.22	66.88	55.58	36.57
406	52.16	62.28	63.49	50.78	59.34	66.79	55.70	36.58
407	52.25	62.28	63.45	50.86	59.46	66.67	55.81	36.60
408	52.35	62.24	63.37	50.95	59.56	66.50	55.93	36.62
409	52.43	62.18	63.26	51.04	59.67	66.30	56.04	36.64
410	52.52	62.10	63.13	51.13	59.76	66.07	56.14	36.65
411	52.61	61.99	62.98	51.21	59.84	65.83	56.23	36.67
412	52.70	61.87	62.80	51.30	59.91	65.58	56.31	36.69
413	52.78	61.73	62.62	51.37	59.97	65.30	56.38	36.71
414	52.86	61.58	62.41	51.45	60.02	65.03	56.45	36.73
415	52.94	61.41	62.20	51.53	60.06	64.75	56.50	36.75
416	53.01	61.25	61.99	51.59	60.09	64.47	56.54	36.76
417	53.08	61.07	61.76	51.65	60.10	64.19	56.57	36.78
418	53.15	60.88	61.53	51.72	60.11	63.91	56.59	36.80
419	53.21	60.68	61.30	51.77	60.11	63.63	56.61	36.82
420	53.27	60.50	61.06	51.82	60.10	63.36	56.61	36.84
421	53.32	60.30	60.82	51.87	60.09	63.09	56.62	36.86
422	53.37	60.10	60.59	51.91	60.07	62.81	56.60	36.88
423	53.42	59.91	60.35	51.95	60.04	62.55	56.58	36.90
424	53.46	59.70	60.10	51.98	60.01	62.30	56.56	36.92
425	53.50	59.51	59.87	52.01	59.97	62.03	56.53	36.94
426	53.53	59.31	59.63	52.03	59.92	61.78	56.49	36.97
427	53.56	59.11	59.40	52.05	59.88	61.54	56.45	36.98
428	53.58	58.91	59.16	52.07	59.83	61.30	56.40	37.00
429	53.60	58.71	58.93	52.08	59.78	61.06	56.35	37.02
430	53.62	58.52	58.70	52.10	59.71	60.84	56.28	37.05
431	53.63	58.33	58.48	52.10	59.65	60.60	56.22	37.07
432	53.64	58.14	58.26	52.10	59.59	60.39	56.15	37.08
433	53.65	57.95	58.03	52.10	59.52	60.16	56.08	37.11
434	53.66	57.76	57.81	52.10	59.45	59.95	56.00	37.13
435	53.66	57.58	57.60	52.09	59.38	59.74	55.92	37.15
436	53.66	57.40	57.39	52.08	59.31	59.54	55.84	37.17
437	53.65	57.23	57.18	52.07	59.23	59.34	55.75	37.19
438	53.65	57.06	56.98	52.05	59.15	59.15	55.66	37.22
439	53.64	56.88	56.78	52.04	59.07	58.95	55.57	37.24
440	53.63	56.71	56.58	52.02	58.99	58.77	55.48	37.26
441	53.62	56.54	56.39	52.00	58.91	58.58	55.38	37.28
442	53.60	56.39	56.19	51.98	58.83	58.40	55.29	37.30
443	53.58	56.23	56.01	51.95	58.75	58.23	55.18	37.33
444	53.57	56.07	55.82	51.92	58.66	58.06	55.08	37.34
445	53.55	55.92	55.64	51.90	58.57	57.89	54.98	37.37
446	53.53	55.76	55.46	51.87	58.49	57.73	54.87	37.39
447	53.50	55.61	55.29	51.84	58.40	57.56	54.77	37.41
448	53.48	55.46	55.13	51.80	58.31	57.41	54.66	37.43
449	53.45	55.33	54.96	51.77	58.22	57.26	54.56	37.45
450	53.43	55.19	54.79	51.74	58.13	57.10	54.45	37.48
451	53.40	55.05	54.63	51.70	58.05	56.96	54.34	37.50
452	53.37	54.91	54.47	51.66	57.95	56.80	54.23	37.52
453	53.34	54.78	54.31	51.62	57.86	56.66	54.12	37.54
454	53.31	54.65	54.16	51.58	57.77	56.52	54.01	37.57
455	53.28	54.52	54.01	51.55	57.68	56.39	53.90	37.59
456	53.24	54.40	53.87	51.50	57.59	56.25	53.79	37.61
457	53.21	54.27	53.72	51.47	57.49	56.12	53.68	37.63
458	53.18	54.15	53.58	51.42	57.40	55.99	53.57	37.65
459	53.14	54.03	53.45	51.38	57.31	55.86	53.46	37.67
460	53.11	53.91	53.31	51.34	57.22	55.74	53.36	37.70
461	53.07	53.80	53.18	51.29	57.13	55.61	53.25	37.72
462	53.03	53.69	53.05	51.25	57.04	55.49	53.14	37.74
463	53.00	53.58	52.92	51.20	56.94	55.37	53.03	37.76
464	52.96	53.48	52.80	51.16	56.85	55.25	52.92	37.78
465	52.92	53.37	52.67	51.11	56.76	55.14	52.81	37.80
466	52.88	53.27	52.56	51.07	56.66	55.02	52.70	37.82
467	52.85	53.17	52.44	51.02	56.57	54.92	52.60	37.85
468	52.81	53.07	52.33	50.97	56.48	54.80	52.49	37.87
469	52.77	52.97	52.21	50.93	56.39	54.70	52.38	37.89
470	52.73	52.87	52.10	50.88	56.30	54.59	52.28	37.91
471	52.69	52.78	51.99	50.84	56.21	54.49	52.18	37.93
472	52.65	52.69	51.88	50.79	56.12	54.39	52.08	37.95
473	52.62	52.60	51.78	50.75	56.03	54.28	51.97	37.97
474	52.57	52.51	51.68	50.70	55.94	54.18	51.87	37.99
475	52.53	52.42	51.58	50.65	55.85	54.10	51.77	38.01
476	52.49	52.33	51.49	50.60	55.76	53.99	51.67	38.03
477	52.45	52.25	51.39	50.55	55.67	53.90	51.57	38.05
478	52.40	52.17	51.30	50.51	55.58	53.80	51.47	38.07
479	52.36	52.09	51.20	50.47	55.49	53.71	51.37	38.09
480	52.32	52.01	51.11	50.42	55.40	53.62	51.28	38.10
481	52.28	51.93	51.02	50.37	55.32	53.53	51.18	38.12
482	52.24	51.86	50.93	50.32	55.23	53.44	51.08	38.14
483	52.20	51.78	50.86	50.27	55.15	53.37	50.99	38.16
484	52.16	51.73	50.81	50.23	55.06	53.36	50.89	38.18
485	52.12	51.71	50.80	50.18	54.97	53.41	50.81	38.20
486	52.07	51.72	50.82	50.13	54.89	53.53	50.71	38.21
487	52.03	51.76	50.90	50.09	54.81	53.71	50.63	38.23
488	51.99	51.84	51.01	50.04	54.74	53.93	50.55	38.25
489	51.96	51.94	51.14	49.99	54.68	54.20	50.47	38.27
490	51.92	52.07	51.32	49.95	54.63	54.48	50.40	38.28
491	51.88	52.23	51.51	49.91	54.58	54.79	50.35	38.30
492	51.84	52.40	51.73	49.87	54.56	55.12	50.30	38.31
493	51.81	52.59	51.97	49.83	54.54	55.45	50.26	38.33
494	51.78	52.80	52.20	49.79	54.53	55.79	50.23	38.35
495	51.75	53.01	52.47	49.76	54.54	56.14	50.22	38.36
496	51.73	53.24	52.74	49.73	54.55	56.48	50.20	38.38
497	51.70	53.47	53.01	49.71	54.58	56.83	50.21	38.39
498	51.69	53.71	53.29	49.69	54.62	57.18	50.22	38.40
499	51.67	53.96	53.57	49.68	54.66	57.51	50.24	38.42
500	51.66	54.21	53.86	49.66	54.72	57.85	50.27	38.43
501	51.66	54.46	54.16	49.66	54.78	58.18	50.31	38.45
502	51.66	54.71	54.45	49.66	54.85	58.51	50.36	38.46
503	51.66	54.97	54.74	49.66	54.93	58.82	50.41	38.47
504	51.68	55.22	55.02	49.67	55.01	59.15	50.48	38.49
505	51.69	55.48	55.32	49.68	55.09	59.45	50.54	38.50
506	51.70	55.73	55.60	49.69	55.18	59.76	50.62	38.52
507	51.73	55.99	55.89	49.72	55.28	60.05	50.70	38.52
508	51.74	56.24	56.17	49.74	55.38	60.34	50.79	38.54
509	51.78	56.49	56.45	49.77	55.49	60.63	50.89	38.56
510	51.81	56.73	56.74	49.80	55.59	60.90	50.99	38.56
511	51.84	56.97	57.01	49.84	55.70	61.18	51.09	38.58
512	51.88	57.22	57.28	49.88	55.81	61.44	51.20	38.59
513	51.92	57.46	57.54	49.92	55.93	61.70	51.31	38.60
514	51.97	57.69	57.82	49.97	56.05	61.96	51.42	38.61
515	52.02	57.93	58.07	50.02	56.16	62.21	51.55	38.63
516	52.07	58.15	58.33	50.07	56.29	62.46	51.67	38.64
517	52.12	58.38	58.59	50.12	56.41	62.69	51.79	38.65
518	52.18	58.60	58.83	50.18	56.54	62.93	51.92	38.66
519	52.24	58.83	59.07	50.24	56.66	63.16	52.04	38.67
520	52.30	59.04	59.32	50.30	56.79	63.38	52.18	38.69
521	52.36	59.26	59.55	50.37	56.92	63.60	52.32	38.70
522	52.43	59.46	59.79	50.44	57.05	63.81	52.45	38.70
523	52.50	59.67	60.02	50.50	57.18	64.03	52.59	38.72
524	52.57	59.88	60.25	50.57	57.30	64.24	52.73	38.73
525	52.64	60.07	60.46	50.65	57.44	64.44	52.87	38.74
526	52.71	60.27	60.69	50.72	57.57	64.64	53.01	38.75
527	52.79	60.46	60.90	50.80	57.70	64.84	53.16	38.76
528	52.86	60.65	61.11	50.87	57.84	65.03	53.30	38.77
529	52.93	60.84	61.32	50.95	57.96	65.21	53.44	38.78
530	53.01	61.02	61.52	51.02	58.10	65.40	53.59	38.80
531	53.09	61.20	61.72	51.10	58.23	65.58	53.73	38.80
532	53.17	61.38	61.91	51.18	58.37	65.76	53.87	38.82
533	53.25	61.55	62.10	51.26	58.50	65.93	54.02	38.82
534	53.33	61.73	62.29	51.35	58.63	66.11	54.17	38.84
535	53.42	61.90	62.48	51.43	58.77	66.28	54.31	38.85
536	53.50	62.06	62.66	51.51	58.90	66.44	54.46	38.86
537	53.58	62.22	62.84	51.60	59.03	66.61	54.60	38.87
538	53.66	62.39	63.01	51.68	59.17	66.76	54.75	38.88
539	53.75	62.54	63.19	51.77	59.31	66.92	54.89	38.89
540	53.83	62.70	63.35	51.85	59.43	67.08	55.04	38.90
541	53.92	62.85	63.52	51.94	59.56	67.23	55.18	38.91
542	54.00	63.00	63.68	52.02	59.70	67.38	55.33	38.92
543	54.09	63.15	63.85	52.11	59.83	67.53	55.47	38.93
544	54.17	63.29	64.01	52.20	59.96	67.68	55.62	38.94
545	54.26	63.43	64.16	52.28	60.10	67.82	55.76	38.96
546	54.34	63.57	64.32	52.38	60.22	67.96	55.90	38.97
547	54.44	63.71	64.46	52.46	60.35	68.10	56.05	38.98
548	54.52	63.85	64.61	52.55	60.49	68.23	56.18	38.99
549	54.61	63.98	64.74	52.63	60.61	68.37	56.32	39.00
550	54.69	64.11	64.89	52.72	60.74	68.50	56.46	39.01
551	54.78	64.24	65.02	52.80	60.87	68.63	56.59	39.03
552	54.87	64.37	65.16	52.89	61.00	68.77	56.73	39.04
553	54.96	64.50	65.30	52.98	61.12	68.89	56.86	39.05
554	55.04	64.62	65.42	53.07	61.25	69.02	57.00	39.06
555	55.13	64.74	65.56	53.16	61.37	69.14	57.13	39.07
556	55.22	64.86	65.68	53.25	61.50	69.27	57.26	39.09
557	55.31	64.98	65.81	53.34	61.62	69.38	57.39	39.10
558	55.40	65.10	65.93	53.42	61.74	69.50	57.52	39.11
559	55.48	65.21	66.05	53.51	61.87	69.62	57.65	39.12
560	55.57	65.32	66.17	53.59	61.99	69.74	57.78	39.14
561	55.66	65.44	66.29	53.68	62.12	69.85	57.91	39.15
562	55.74	65.55	66.40	53.76	62.23	69.96	58.04	39.17
563	55.83	65.65	66.51	53.85	62.36	70.06	58.17	39.18
564	55.92	65.74	66.59	53.94	62.48	70.11	58.29	39.19
565	56.00	65.79	66.63	54.03	62.60	70.10	58.41	39.21
566	56.09	65.82	66.63	54.11	62.71	70.04	58.54	39.23
567	56.17	65.82	66.60	54.20	62.82	69.92	58.65	39.24
568	56.25	65.79	66.52	54.28	62.94	69.76	58.77	39.26
569	56.34	65.73	66.42	54.36	63.04	69.57	58.87	39.27
570	56.43	65.65	66.30	54.45	63.13	69.34	58.97	39.29
571	56.51	65.54	66.14	54.53	63.21	69.11	59.06	39.30
572	56.59	65.43	65.98	54.60	63.28	68.85	59.14	39.32
573	56.66	65.28	65.79	54.68	63.34	68.58	59.21	39.34
574	56.74	65.14	65.59	54.75	63.38	68.31	59.28	39.35
575	56.81	64.97	65.38	54.82	63.42	68.04	59.33	39.37
576	56.88	64.80	65.17	54.89	63.45	67.75	59.37	39.38
577	56.95	64.62	64.93	54.95	63.46	67.47	59.40	39.40
578	57.01	64.43	64.71	55.01	63.47	67.18	59.43	39.42
579	57.06	64.24	64.47	55.06	63.47	66.91	59.45	39.44
580	57.12	64.04	64.24	55.11	63.46	66.63	59.45	39.46
581	57.16	63.84	63.99	55.15	63.44	66.35	59.45	39.47
582	57.21	63.64	63.76	55.19	63.42	66.08	59.44	39.49
583	57.25	63.44	63.51	55.22	63.39	65.82	59.43	39.51
584	57.29	63.24	63.27	55.26	63.35	65.55	59.40	39.53
585	57.32	63.03	63.03	55.28	63.32	65.29	59.37	39.54
586	57.35	62.83	62.79	55.30	63.26	65.03	59.33	39.56
587	57.37	62.63	62.56	55.32	63.22	64.79	59.28	39.58
588	57.39	62.43	62.32	55.34	63.16	64.54	59.23	39.60
589	57.41	62.23	62.09	55.34	63.10	64.30	59.18	39.62
590	57.42	62.03	61.86	55.35	63.04	64.06	59.12	39.64
591	57.43	61.83	61.63	55.35	62.98	63.83	59.05	39.66
592	57.44	61.64	61.40	55.35	62.91	63.61	58.98	39.68
593	57.44	61.45	61.19	55.35	62.84	63.39	58.91	39.69
594	57.44	61.26	60.96	55.34	62.76	63.18	58.83	39.71
595	57.44	61.08	60.75	55.33	62.69	62.96	58.75	39.74
596	57.43	60.90	60.53	55.32	62.61	62.75	58.67	39.75
597	57.42	60.71	60.32	55.30	62.53	62.55	58.57	39.77
598	57.41	60.54	60.11	55.28	62.45	62.36	58.49	39.79
599	57.40	60.36	59.91	55.26	62.37	62.15	58.39	39.82
600	57.39	60.19	59.71	55.24	62.28	61.97	58.30	39.83
601	57.37	60.02	59.51	55.21	62.20	61.78	58.20	39.85
602	57.35	59.85	59.32	55.19	62.11	61.60	58.10	39.87
603	57.33	59.69	59.13	55.16	62.02	61.42	58.00	39.90
604	57.31	59.53	58.94	55.13	61.93	61.24	57.90	39.92
605	57.28	59.37	58.76	55.10	61.85	61.07	57.80	39.93
606	57.26	59.21	58.58	55.06	61.76	60.92	57.69	39.96
607	57.23	59.06	58.40	55.03	61.66	60.74	57.59	39.97
608	57.20	58.91	58.23	54.99	61.57	60.58	57.47	40.00
609	57.17	58.76	58.05	54.95	61.48	60.42	57.37	40.02
610	57.14	58.62	57.89	54.92	61.39	60.26	57.26	40.04
611	57.10	58.48	57.72	54.88	61.30	60.11	57.15	40.06
612	57.07	58.34	57.56	54.84	61.20	59.97	57.04	40.08
613	57.04	58.20	57.41	54.80	61.10	59.82	56.93	40.10
614	57.00	58.06	57.25	54.75	61.01	59.67	56.82	40.13
615	56.96	57.93	57.10	54.71	60.91	59.53	56.71	40.14
616	56.93	57.81	56.95	54.67	60.82	59.39	56.60	40.16
617	56.89	57.67	56.81	54.62	60.72	59.26	56.49	40.18
618	56.85	57.55	56.66	54.58	60.62	59.13	56.38	40.21
619	56.81	57.43	56.52	54.53	60.53	58.99	56.27	40.23
620	56.77	57.31	56.38	54.49	60.44	58.86	56.16	40.24
621	56.73	57.20	56.25	54.44	60.34	58.74	56.05	40.27
622	56.69	57.08	56.11	54.39	60.25	58.61	55.93	40.29
623	56.64	56.96	55.98	54.34	60.15	58.49	55.83	40.30
624	56.60	56.85	55.86	54.29	60.06	58.37	55.71	40.32
625	56.56	56.75	55.73	54.24	59.96	58.25	55.61	40.34
626	56.52	56.64	55.61	54.20	59.87	58.13	55.49	40.36
627	56.48	56.53	55.49	54.14	59.77	58.02	55.39	40.38
628	56.43	56.43	55.37	54.10	59.67	57.90	55.28	40.41
629	56.39	56.33	55.26	54.05	59.58	57.80	55.17	40.42
630	56.34	56.23	55.14	54.00	59.49	57.69	55.06	40.43
631	56.30	56.13	55.03	53.95	59.39	57.58	54.96	40.45
632	56.26	56.04	54.92	53.89	59.30	57.48	54.85	40.47
633	56.21	55.94	54.81	53.84	59.20	57.37	54.75	40.49
634	56.17	55.85	54.71	53.79	59.11	57.27	54.65	40.51
635	56.12	55.76	54.61	53.75	59.02	57.17	54.54	40.53
636	56.08	55.67	54.50	53.70	58.93	57.07	54.45	40.55
637	56.03	55.58	54.41	53.64	58.83	56.97	54.34	40.56
638	55.99	55.50	54.31	53.60	58.74	56.87	54.24	40.58
639	55.94	55.41	54.22	53.55	58.65	56.78	54.14	40.60
640	55.90	55.33	54.12	53.49	58.56	56.69	54.04	40.62
641	55.85	55.25	54.03	53.45	58.47	56.59	53.94	40.63
642	55.81	55.17	53.94	53.40	58.38	56.50	53.84	40.65
643	55.76	55.10	53.87	53.34	58.29	56.45	53.76	40.67
644	55.72	55.05	53.83	53.30	58.20	56.45	53.66	40.69
645	55.67	55.04	53.83	53.24	58.12	56.52	53.56	40.71
646	55.62	55.06	53.87	53.19	58.03	56.66	53.48	40.72
647	55.58	55.11	53.95	53.14	57.95	56.85	53.39	40.74
648	55.53	55.19	54.07	53.09	57.88	57.09	53.31	40.75
649	55.49	55.29	54.22	53.05	57.82	57.35	53.23	40.77
650	55.45	55.43	54.39	53.00	57.77	57.63	53.17	40.78
651	55.41	55.59	54.59	52.95	57.72	57.95	53.11	40.80
652	55.37	55.76	54.81	52.91	57.69	58.27	53.06	40.81
653	55.33	55.95	55.04	52.87	57.68	58.60	53.02	40.83
654	55.29	56.15	55.29	52.83	57.67	58.95	53.00	40.84
655	55.26	56.37	55.55	52.80	57.68	59.28	52.98	40.85
656	55.23	56.59	55.82	52.77	57.69	59.63	52.98	40.87
657	55.21	56.82	56.09	52.74	57.72	59.96	52.98	40.88
658	55.19	57.07	56.37	52.72	57.76	60.30	53.00	40.90
659	55.17	57.30	56.65	52.70	57.80	60.64	53.01	40.91
660	55.16	57.55	56.94	52.69	57.86	60.96	53.05	40.92
661	55.15	57.80	57.22	52.69	57.92	61.29	53.09	40.93
662	55.15	58.05	57.51	52.68	57.98	61.61	53.13	40.95
663	55.15	58.30	57.80	52.68	58.06	61.92	53.19	40.96
664	55.16	58.55	58.08	52.69	58.13	62.23	53.25	40.97
665	55.17	58.80	58.36	52.70	58.22	62.53	53.32	40.98
666	55.18	59.06	58.65	52.72	58.31	62.83	53.40	40.99
667	55.20	59.30	58.93	52.74	58.40	63.12	53.48	41.01
668	55.22	59.54	59.21	52.76	58.50	63.40	53.57	41.01
669	55.25	59.79	59.49	52.78	58.60	63.67	53.66	41.03
670	55.28	60.03	59.76	52.81	58.70	63.95	53.75	41.04
671	55.31	60.27	60.03	52.85	58.81	64.22	53.86	41.05
672	55.35	60.51	60.30	52.89	58.92	64.48	53.97	41.06
673	55.38	60.74	60.55	52.93	59.03	64.73	54.08	41.08
674	55.43	60.97	60.82	52.97	59.15	64.98	54.20	41.09
675	55.47	61.20	61.07	53.02	59.27	65.22	54.32	41.10
676	55.52	61.42	61.32	53.08	59.39	65.46	54.43	41.11
677	55.57	61.64	61.57	53.12	59.51	65.70	54.56	41.12
678	55.62	61.86	61.81	53.18	59.62	65.93	54.68	41.13
679	55.68	62.07	62.05	53.24	59.75	66.15	54.81	41.14
680	55.73	62.28	62.29	53.30	59.87	66.37	54.94	41.15
681	55.79	62.48	62.52	53.36	60.00	66.59	55.08	41.16
682	55.86	62.69	62.75	53.42	60.12	66.80	55.21	41.17
683	55.92	62.89	62.96	53.49	60.25	67.01	55.35	41.18
684	55.98	63.09	63.19	53.56	60.37	67.20	55.48	41.19
685	56.05	63.28	63.41	53.62	60.50	67.41	55.63	41.20
686	56.12	63.47	63.62	53.70	60.62	67.60	55.76	41.21
687	56.19	63.66	63.83	53.76	60.76	67.79	55.91	41.23
688	56.26	63.84	64.04	53.84	60.88	67.98	56.05	41.23
689	56.33	64.02	64.24	53.91	61.02	68.16	56.19	41.24
690	56.40	64.20	64.44	53.98	61.15	68.34	56.33	41.25
691	56.48	64.38	64.63	54.06	61.28	68.52	56.47	41.26
692	56.55	64.55	64.83	54.14	61.41	68.69	56.61	41.27
693	56.63	64.72	65.01	54.22	61.54	68.86	56.76	41.28
694	56.70	64.89	65.19	54.29	61.66	69.02	56.90	41.29
695	56.78	65.04	65.37	54.37	61.79	69.19	57.05	41.30
696	56.86	65.21	65.56	54.46	61.92	69.35	57.19	41.31
697	56.94	65.37	65.72	54.54	62.05	69.52	57.33	41.32
698	57.02	65.53	65.89	54.62	62.18	69.66	57.47	41.33
699	57.10	65.68	66.06	54.70	62.31	69.82	57.61	41.34
700	57.18	65.83	66.23	54.78	62.44	69.97	57.76	41.34
701	57.26	65.98	66.39	54.87	62.57	70.12	57.90	41.35
702	57.34	66.12	66.55	54.94	62.70	70.27	58.04	41.36
703	57.42	66.27	66.70	55.03	62.82	70.41	58.19	41.37
704	57.51	66.41	66.85	55.11	62.95	70.55	58.32	41.39
705	57.59	66.54	67.00	55.20	63.08	70.69	58.46	41.39
706	57.67	66.68	67.15	55.28	63.21	70.83	58.60	41.41
707	57.75	66.81	67.29	55.37	63.34	70.96	58.74	41.42
708	57.84	66.94	67.43	55.45	63.46	71.09	58.87	41.43
709	57.92	67.07	67.58	55.53	63.58	71.23	59.01	41.43
710	58.00	67.20	67.72	55.62	63.71	71.35	59.14	41.45
711	58.08	67.32	67.85	55.70	63.83	71.48	59.29	41.46
712	58.17	67.45	67.98	55.78	63.95	71.60	59.41	41.47
713	58.25	67.57	68.11	55.87	64.08	71.73	59.55	41.48
714	58.34	67.69	68.23	55.95	64.20	71.85	59.68	41.49
715	58.42	67.80	68.36	56.04	64.32	71.98	59.81	41.50
716	58.50	67.92	68.48	56.12	64.44	72.09	59.94	41.51
717	58.58	68.03	68.60	56.21	64.57	72.21	60.07	41.52
718	58.66	68.14	68.72	56.29	64.68	72.32	60.20	41.54
719	58.74	68.25	68.83	56.37	64.80	72.44	60.32	41.56
720	58.83	68.36	68.95	56.45	64.92	72.55	60.45	41.57
721	58.91	68.46	69.06	56.54	65.04	72.66	60.57	41.58
722	59.00	68.57	69.17	56.62	65.16	72.77	60.70	41.59
723	59.08	68.67	69.27	56.70	65.27	72.86	60.82	41.61
724	59.16	68.75	69.35	56.79	65.39	72.90	60.95	41.62
725	59.24	68.80	69.37	56.87	65.51	72.89	61.06	41.63
726	59.32	68.82	69.37	56.95	65.62	72.81	61.18	41.65
727	59.40	68.81	69.32	57.03	65.73	72.68	61.29	41.66
728	59.49	68.77	69.25	57.11	65.83	72.52	61.40	41.68
729	59.56	68.70	69.14	57.20	65.92	72.32	61.51	41.69
730	59.64	68.61	69.01	57.27	66.00	72.10	61.60	41.70
731	59.72	68.51	68.84	57.35	66.08	71.85	61.69	41.72
732	59.79	68.38	68.67	57.42	66.14	71.59	61.76	41.73
733	59.87	68.24	68.48	57.49	66.20	71.32	61.84	41.75
734	59.94	68.08	68.28	57.56	66.24	71.05	61.90	41.76
735	60.01	67.92	68.07	57.63	66.27	70.77	61.94	41.78
736	60.07	67.74	67.84	57.69	66.29	70.48	61.98	41.80
737	60.13	67.55	67.61	57.74	66.30	70.20	62.01	41.81
738	60.19	67.37	67.39	57.80	66.31	69.92	62.03	41.83
739	60.24	67.17	67.14	57.84	66.30	69.64	62.04	41.84
740	60.29	66.97	66.91	57.89	66.29	69.35	62.04	41.86
741	60.34	66.77	66.66	57.93	66.26	69.08	62.04	41.87
742	60.37	66.57	66.42	57.97	66.24	68.81	62.03	41.89
743	60.41	66.37	66.18	58.00	66.21	68.53	62.00	41.91
744	60.44	66.15	65.93	58.02	66.16	68.27	61.98	41.93
745	60.47	65.95	65.69	58.04	66.13	68.02	61.94	41.95
746	60.50	65.75	65.46	58.06	66.07	67.76	61.90	41.97
747	60.51	65.54	65.22	58.07	66.02	67.50	61.86	41.98
748	60.53	65.34	64.97	58.08	65.96	67.26	61.81	42.00
749	60.54	65.13	64.74	58.08	65.90	67.02	61.74	42.02
750	60.55	64.94	64.51	58.09	65.84	66.78	61.68	42.03
751	60.56	64.73	64.27	58.09	65.77	66.56	61.61	42.05
752	60.56	64.54	64.05	58.08	65.70	66.32	61.54	42.07
753	60.55	64.35	63.83	58.07	65.63	66.10	61.46	42.09
754	60.55	64.15	63.60	58.06	65.55	65.88	61.39	42.11
755	60.54	63.96	63.38	58.05	65.48	65.67	61.30	42.13
756	60.53	63.78	63.17	58.03	65.39	65.46	61.22	42.15
757	60.52	63.60	62.96	58.02	65.31	65.25	61.13	42.17
758	60.51	63.41	62.75	57.99	65.23	65.06	61.04	42.18
759	60.49	63.24	62.55	57.97	65.14	64.86	60.94	42.21
760	60.47	63.06	62.34	57.94	65.05	64.66	60.84	42.23
761	60.45	62.89	62.14	57.91	64.96	64.48	60.75	42.24
762	60.42	62.71	61.95	57.89	64.87	64.29	60.64	42.26
763	60.40	62.55	61.75	57.85	64.78	64.11	60.54	42.28
764	60.37	62.39	61.57	57.82	64.69	63.94	60.44	42.30
765	60.34	62.22	61.38	57.78	64.60	63.76	60.33	42.32
766	60.31	62.07	61.20	57.75	64.51	63.59	60.22	42.33
767	60.28	61.91	61.02	57.70	64.41	63.43	60.12	42.35
768	60.25	61.76	60.85	57.67	64.32	63.26	60.00	42.37
769	60.22	61.61	60.67	57.63	64.22	63.09	59.89	42.39
770	60.18	61.46	60.50	57.59	64.13	62.95	59.78	42.41
771	60.15	61.33	60.34	57.54	64.03	62.79	59.67	42.42
772	60.11	61.18	60.17	57.50	63.93	62.64	59.56	42.45
773	60.07	61.04	60.01	57.45	63.84	62.49	59.44	42.47
774	60.03	60.91	59.86	57.41	63.74	62.34	59.34	42.49
775	59.99	60.77	59.70	57.36	63.64	62.20	59.22	42.51
776	59.95	60.64	59.55	57.31	63.54	62.06	59.11	42.53
777	59.90	60.50	59.40	57.27	63.45	61.92	59.00	42.55
778	59.86	60.38	59.26	57.22	63.35	61.78	58.89	42.57
779	59.82	60.26	59.12	57.17	63.25	61.65	58.77	42.59
780	59.78	60.14	58.97	57.12	63.15	61.53	58.66	42.61
781	59.73	60.02	58.83	57.08	63.05	61.39	58.54	42.62
782	59.69	59.90	58.70	57.02	62.96	61.27	58.44	42.64
783	59.64	59.78	58.57	56.97	62.86	61.14	58.32	42.66
784	59.60	59.66	58.44	56.92	62.76	61.02	58.21	42.68
785	59.55	59.55	58.31	56.87	62.66	60.90	58.10	42.70
786	59.51	59.45	58.19	56.82	62.57	60.78	57.99	42.72
787	59.46	59.34	58.06	56.77	62.47	60.66	57.88	42.73
788	59.41	59.23	57.95	56.71	62.37	60.54	57.77	42.75
789	59.37	59.13	57.83	56.66	62.28	60.43	57.66	42.77
790	59.32	59.02	57.71	56.60	62.18	60.32	57.55	42.79
791	59.27	58.93	57.60	56.55	62.08	60.21	57.44	42.80
792	59.22	58.83	57.49	56.50	61.98	60.10	57.34	42.82
793	59.18	58.73	57.38	56.45	61.89	60.00	57.24	42.84
794	59.13	58.63	57.28	56.39	61.79	59.89	57.13	42.86
795	59.08	58.54	57.17	56.34	61.70	59.79	57.03	42.88
796	59.03	58.45	57.07	56.29	61.60	59.68	56.92	42.89
797	58.98	58.36	56.97	56.24	61.51	59.59	56.82	42.91
798	58.93	58.27	56.86	56.18	61.42	59.49	56.72	42.93
799	58.89	58.19	56.77	56.13	61.32	59.39	56.61	42.95
800	58.84	58.10	56.67	56.08	61.23	59.29	56.52	42.96
801	58.79	58.02	56.58	56.02	61.13	59.20	56.42	42.97
802	58.74	57.94	56.49	55.97	61.04	59.12	56.32	42.99
803	58.69	57.87	56.42	55.92	60.95	59.07	56.22	43.01
804	58.64	57.82	56.39	55.86	60.86	59.09	56.13	43.02
805	58.59	57.81	56.39	55.81	60.77	59.17	56.03	43.03
806	58.54	57.83	56.44	55.76	60.68	59.31	55.94	43.05
807	58.49	57.89	56.53	55.71	60.60	59.51	55.85	43.07
808	58.44	57.97	56.65	55.65	60.53	59.75	55.77	43.08
809	58.40	58.09	56.80	55.60	60.47	60.01	55.70	43.10
810	58.35	58.22	56.98	55.55	60.42	60.31	55.63	43.11
811	58.31	58.38	57.18	55.50	60.38	60.61	55.58	43.12
812	58.26	58.55	57.40	55.46	60.35	60.94	55.53	43.14
813	58.22	58.74	57.63	55.42	60.32	61.26	55.49	43.15
814	58.19	58.94	57.88	55.38	60.32	61.59	55.46	43.16
815	58.15	59.16	58.13	55.34	60.33	61.93	55.45	43.17
816	58.12	59.38	58.40	55.31	60.34	62.26	55.44	43.19
817	58.09	59.61	58.67	55.28	60.37	62.60	55.44	43.20
818	58.07	59.85	58.95	55.26	60.40	62.93	55.46	43.21
819	58.05	60.08	59.22	55.24	60.44	63.26	55.48	43.22
820	58.04	60.33	59.51	55.23	60.49	63.58	55.51	43.23
821	58.03	60.57	59.79	55.22	60.55	63.90	55.55	43.25
822	58.03	60.82	60.07	55.21	60.61	64.21	55.60	43.26
823	58.02	61.06	60.35	55.21	60.69	64.53	55.65	43.27
824	58.03	61.31	60.63	55.22	60.77	64.82	55.71	43.28
825	58.03	61.56	60.91	55.23	60.85	65.13	55.78	43.29
826	58.04	61.80	61.19	55.24	60.94	65.42	55.86	43.30
827	58.06	62.05	61.47	55.26	61.03	65.70	55.94	43.31
828	58.08	62.29	61.74	55.27	61.12	65.98	56.03	43.32
829	58.10	62.53	62.02	55.30	61.22	66.25	56.11	43.33
830	58.13	62.77	62.28	55.33	61.32	66.52	56.21	43.34
831	58.16	63.00	62.55	55.37	61.43	66.78	56.32	43.35
832	58.19	63.24	62.81	55.40	61.54	67.03	56.42	43.37
833	58.23	63.46	63.07	55.44	61.64	67.28	56.53	43.37
834	58.27	63.69	63.33	55.49	61.75	67.53	56.64	43.38
835	58.31	63.91	63.57	55.53	61.87	67.77	56.75	43.39
836	58.36	64.14	63.82	55.58	61.98	68.01	56.87	43.40
837	58.41	64.35	64.06	55.63	62.10	68.23	57.00	43.41
838	58.45	64.56	64.31	55.68	62.22	68.45	57.12	43.42
839	58.51	64.78	64.54	55.73	62.33	68.67	57.25	43.43
840	58.56	64.98	64.77	55.80	62.46	68.89	57.37	43.43
841	58.62	65.19	64.99	55.84	62.58	69.10	57.51	43.45
842	58.68	65.38	65.22	55.91	62.70	69.31	57.63	43.45
843	58.74	65.58	65.44	55.97	62.82	69.51	57.77	43.46
844	58.80	65.77	65.66	56.04	62.95	69.70	57.91	43.47
845	58.87	65.97	65.87	56.10	63.07	69.90	58.04	43.48
846	58.93	66.15	66.08	56.17	63.20	70.09	58.18	43.49
847	59.00	66.34	66.29	56.25	63.32	70.28	58.32	43.50
848	59.07	66.51	66.48	56.32	63.45	70.46	58.46	43.50
849	59.14	66.69	66.68	56.39	63.57	70.64	58.59	43.51
850	59.21	66.87	66.87	56.46	63.70	70.82	58.74	43.52
851	59.28	67.04	67.07	56.53	63.83	70.98	58.87	43.53
852	59.35	67.20	67.25	56.60	63.95	71.16	59.02	43.54
853	59.42	67.37	67.44	56.69	64.08	71.32	59.15	43.55
854	59.50	67.53	67.61	56.76	64.21	71.49	59.30	43.55
855	59.57	67.69	67.80	56.84	64.33	71.66	59.43	43.56
856	59.64	67.85	67.97	56.92	64.46	71.81	59.58	43.57
857	59.72	68.01	68.14	56.99	64.59	71.97	59.72	43.58
858	59.80	68.16	68.30	57.07	64.71	72.12	59.86	43.59
859	59.88	68.30	68.47	57.15	64.84	72.26	60.01	43.59
860	59.95	68.45	68.63	57.23	64.96	72.41	60.14	43.60
861	60.03	68.59	68.79	57.31	65.09	72.56	60.28	43.61
862	60.11	68.74	68.95	57.39	65.21	72.70	60.42	43.62
863	60.19	68.87	69.10	57.47	65.34	72.84	60.56	43.63
864	60.27	69.01	69.25	57.55	65.46	72.97	60.69	43.64
865	60.35	69.15	69.39	57.63	65.59	73.11	60.83	43.65
866	60.43	69.28	69.54	57.71	65.71	73.25	60.97	43.65
867	60.51	69.41	69.68	57.80	65.83	73.38	61.10	43.67
868	60.58	69.53	69.82	57.88	65.96	73.51	61.24	43.67
869	60.67	69.67	69.95	57.96	66.07	73.64	61.37	43.68
870	60.75	69.79	70.08	58.04	66.19	73.77	61.51	43.70
871	60.83	69.91	70.22	58.13	66.32	73.89	61.64	43.71
872	60.91	70.03	70.35	58.20	66.44	74.01	61.77	43.72
873	60.99	70.15	70.47	58.29	66.56	74.14	61.90	43.73
874	61.07	70.27	70.59	58.37	66.68	74.26	62.03	43.74
875	61.14	70.38	70.72	58.45	66.80	74.37	62.16	43.75
876	61.23	70.49	70.84	58.53	66.92	74.49	62.29	43.76
877	61.31	70.60	70.95	58.61	67.04	74.60	62.41	43.77
878	61.39	70.71	71.07	58.69	67.15	74.71	62.54	43.78
879	61.46	70.82	71.18	58.77	67.27	74.83	62.66	43.79
880	61.55	70.92	71.29	58.85	67.39	74.93	62.78	43.80
881	61.63	71.02	71.40	58.93	67.50	75.05	62.90	43.82
882	61.70	71.13	71.51	59.02	67.62	75.15	63.02	43.82
883	61.79	71.23	71.60	59.09	67.73	75.24	63.15	43.84
884	61.86	71.30	71.67	59.17	67.85	75.28	63.27	43.85
885	61.94	71.35	71.70	59.25	67.96	75.26	63.39	43.86
886	62.02	71.37	71.69	59.33	68.07	75.18	63.50	43.87
887	62.11	71.36	71.65	59.40	68.17	75.05	63.61	43.88
888	62.18	71.32	71.57	59.49	68.27	74.88	63.71	43.90
889	62.26	71.25	71.45	59.56	68.36	74.68	63.81	43.91
890	62.34	71.16	71.32	59.64	68.44	74.46	63.90	43.92
891	62.41	71.04	71.16	59.71	68.51	74.22	63.99	43.94
892	62.48	70.92	70.99	59.78	68.57	73.96	64.06	43.95
893	62.55	70.78	70.80	59.86	68.62	73.69	64.13	43.96
894	62.62	70.62	70.59	59.92	68.67	73.41	64.18	43.97
895	62.69	70.45	70.38	59.98	68.70	73.13	64.23	43.99
896	62.75	70.27	70.16	60.04	68.71	72.85	64.27	44.00
897	62.81	70.09	69.93	60.09	68.73	72.56	64.30	44.02
898	62.86	69.89	69.69	60.15	68.73	72.28	64.32	44.03
899	62.92	69.69	69.46	60.19	68.72	71.99	64.33	44.05
900	62.96	69.49	69.22	60.24	68.70	71.71	64.33	44.06
901	63.00	69.29	68.97	60.27	68.68	71.44	64.33	44.08
902	63.03	69.09	68.73	60.31	68.65	71.16	64.31	44.10
903	63.07	68.88	68.49	60.33	68.62	70.89	64.29	44.11
904	63.10	68.67	68.25	60.36	68.57	70.63	64.26	44.13
905	63.12	68.46	68.00	60.38	68.53	70.37	64.22	44.15
906	63.14	68.26	67.76	60.39	68.48	70.11	64.18	44.16
907	63.16	68.05	67.53	60.40	68.42	69.86	64.13	44.18
908	63.17	67.85	67.28	60.40	68.37	69.61	64.08	44.20
909	63.19	67.65	67.05	60.41	68.30	69.37	64.02	44.21
910	63.19	67.45	66.81	60.42	68.23	69.13	63.95	44.23
911	63.19	67.24	66.58	60.41	68.17	68.90	63.88	44.25
912	63.19	67.05	66.35	60.41	68.10	68.67	63.81	44.26
913	63.19	66.85	66.13	60.40	68.03	68.45	63.73	44.28
914	63.18	66.66	65.91	60.38	67.94	68.23	63.65	44.30
915	63.17	66.47	65.69	60.36	67.87	68.02	63.57	44.32
916	63.16	66.28	65.47	60.35	67.78	67.81	63.49	44.33
917	63.14	66.10	65.26	60.33	67.70	67.60	63.40	44.35
918	63.13	65.91	65.04	60.30	67.61	67.40	63.30	44.37
919	63.11	65.74	64.84	60.28	67.52	67.20	63.20	44.39
920	63.09	65.56	64.64	60.25	67.44	67.01	63.11	44.40
921	63.06	65.39	64.44	60.22	67.35	66.82	63.01	44.42
922	63.03	65.21	64.24	60.19	67.25	66.63	62.91	44.44
923	63.00	65.04	64.05	60.16	67.16	66.45	62.80	44.46
924	62.98	64.88	63.86	60.12	67.07	66.27	62.69	44.48
925	62.95	64.72	63.67	60.08	66.98	66.10	62.59	44.49
926	62.91	64.56	63.49	60.04	66.88	65.93	62.49	44.52
927	62.88	64.40	63.31	60.00	66.79	65.76	62.37	44.53
928	62.84	64.25	63.13	59.96	66.69	65.60	62.26	44.55
929	62.81	64.09	62.96	59.92	66.59	65.43	62.15	44.57
930	62.77	63.95	62.79	59.88	66.49	65.28	62.04	44.59
931	62.73	63.80	62.62	59.83	66.40	65.12	61.93	44.61
932	62.69	63.66	62.46	59.79	66.30	64.97	61.81	44.63
933	62.64	63.51	62.29	59.74	66.20	64.82	61.70	44.64
934	62.61	63.38	62.14	59.69	66.10	64.68	61.59	44.66
935	62.56	63.24	61.98	59.64	66.00	64.53	61.47	44.68
936	62.52	63.11	61.83	59.59	65.90	64.39	61.36	44.69
937	62.48	62.97	61.68	59.54	65.80	64.24	61.24	44.71
938	62.43	62.85	61.53	59.50	65.70	64.11	61.13	44.73
939	62.39	62.72	61.39	59.45	65.60	63.98	61.02	44.75
940	62.34	62.60	61.25	59.40	65.50	63.84	60.90	44.77
941	62.29	62.48	61.11	59.34	65.40	63.72	60.79	44.78
942	62.25	62.36	60.98	59.29	65.30	63.59	60.68	44.81
943	62.20	62.24	60.84	59.23	65.21	63.46	60.56	44.82
944	62.15	62.12	60.71	59.17	65.10	63.34	60.45	44.84
945	62.10	62.01	60.57	59.12	65.01	63.21	60.34	44.86
946	62.05	61.90	60.45	59.07	64.90	63.09	60.23	44.88
947	62.00	61.78	60.33	59.01	64.81	62.98	60.11	44.90
948	61.96	61.68	60.21	58.96	64.71	62.86	60.00	44.91
949	61.91	61.58	60.09	58.91	64.60	62.75	59.89	44.93
950	61.86	61.47	59.98	58.85	64.51	62.64	59.78	44.94
951	61.81	61.37	59.86	58.80	64.42	62.52	59.67	44.96
952	61.76	61.27	59.74	58.74	64.32	62.41	59.57	44.98
953	61.71	61.18	59.64	58.69	64.22	62.31	59.46	44.99
954	61.65	61.08	59.53	58.63	64.12	62.20	59.36	45.00
955	61.61	60.98	59.42	58.58	64.02	62.09	59.25	45.02
956	61.55	60.89	59.32	58.53	63.92	61.99	59.15	45.03
957	61.51	60.80	59.22	58.47	63.83	61.89	59.05	45.05
958	61.45	60.70	59.12	58.42	63.74	61.79	58.94	45.07
959	61.41	60.62	59.02	58.36	63.64	61.69	58.84	45.08
960	61.35	60.53	58.93	58.31	63.55	61.59	58.74	45.10
961	61.30	60.44	58.83	58.25	63.45	61.49	58.64	45.11
962	61.25	60.36	58.74	58.20	63.36	61.41	58.54	45.13
963	61.20	60.29	58.66	58.14	63.26	61.34	58.44	45.14
964	61.15	60.24	58.61	58.09	63.17	61.34	58.34	45.16
965	61.09	60.21	58.61	58.03	63.08	61.40	58.25	45.18
966	61.05	60.22	58.64	57.98	62.99	61.52	58.16	45.19
967	60.99	60.26	58.72	57.92	62.91	61.70	58.07	45.20
968	60.94	60.34	58.82	57.87	62.83	61.92	57.98	45.21
969	60.89	60.44	58.97	57.82	62.76	62.19	57.90	45.23
970	60.84	60.57	59.14	57.77	62.71	62.46	57.84	45.24
971	60.80	60.71	59.33	57.72	62.66	62.76	57.77	45.25
972	60.75	60.89	59.54	57.67	62.63	63.07	57.73	45.26
973	60.71	61.06	59.77	57.63	62.60	63.40	57.68	45.28
974	60.67	61.26	60.02	57.59	62.59	63.72	57.66	45.29
975	60.63	61.47	60.26	57.54	62.59	64.06	57.63	45.30
976	60.60	61.68	60.52	57.51	62.60	64.39	57.62	45.31
977	60.57	61.91	60.78	57.48	62.62	64.72	57.62	45.32
978	60.54	62.15	61.06	57.45	62.65	65.06	57.63	45.33
979	60.52	62.38	61.33	57.43	62.69	65.37	57.65	45.34
980	60.50	62.62	61.61	57.42	62.73	65.70	57.67	45.36
981	60.49	62.86	61.89	57.40	62.79	66.02	57.71	45.37
982	60.48	63.10	62.17	57.39	62.85	66.33	57.75	45.37
983	60.47	63.35	62.45	57.39	62.92	66.64	57.81	45.38
984	60.48	63.60	62.73	57.40	62.99	66.94	57.86	45.40
985	60.47	63.83	63.01	57.40	63.07	67.24	57.93	45.40
986	60.49	64.08	63.29	57.41	63.16	67.52	58.00	45.41
987	60.50	64.32	63.56	57.42	63.24	67.81	58.08	45.43
988	60.51	64.56	63.84	57.44	63.33	68.09	58.16	45.43
989	60.53	64.80	64.11	57.47	63.43	68.35	58.25	45.44
990	60.55	65.03	64.37	57.49	63.53	68.62	58.35	45.45
991	60.58	65.27	64.63	57.52	63.62	68.88	58.44	45.46
992	60.61	65.49	64.89	57.55	63.73	69.14	58.54	45.47
993	60.65	65.72	65.15	57.59	63.84	69.39	58.65	45.48
994	60.68	65.95	65.41	57.63	63.95	69.63	58.76	45.49
995	60.72	66.17	65.66	57.67	64.06	69.87	58.88	45.50
996	60.77	66.38	65.90	57.72	64.17	70.10	58.99	45.51
997	60.81	66.60	66.14	57.76	64.29	70.33	59.11	45.51
998	60.86	66.81	66.38	57.81	64.40	70.56	59.23	45.52
999	60.91	67.02	66.61	57.87	64.52	70.77	59.36	45.53
1000	60.96	67.22	66.84	57.92	64.63	70.99	59.49	45.54
1001	61.01	67.43	67.07	57.98	64.75	71.20	59.61	45.55
1002	61.07	67.63	67.29	58.04	64.87	71.40	59.74	45.56
1003	61.13	67.83	67.51	58.10	64.99	71.60	59.88	45.57
1004	61.19	68.01	67.73	58.16	65.11	71.80	60.01	45.58
1005	61.25	68.20	67.93	58.23	65.24	71.99	60.15	45.58
1006	61.31	68.39	68.14	58.29	65.36	72.18	60.27	45.59
1007	61.37	68.57	68.34	58.36	65.48	72.36	60.41	45.60
1008	61.44	68.74	68.54	58.43	65.60	72.55	60.55	45.60
1009	61.51	68.93	68.74	58.49	65.73	72.72	60.69	45.61
1010	61.57	69.09	68.92	58.56	65.85	72.90	60.83	45.62
1011	61.64	69.27	69.12	58.64	65.98	73.07	60.96	45.63
1012	61.71	69.43	69.30	58.71	66.10	73.24	61.10	45.63
1013	61.78	69.60	69.48	58.78	66.22	73.41	61.24	45.64
1014	61.85	69.76	69.67	58.85	66.34	73.57	61.38	45.65
1015	61.92	69.91	69.84	58.93	66.47	73.73	61.52	45.65
1016	62.00	70.07	70.01	59.00	66.60	73.89	61.66	45.66
1017	62.07	70.22	70.18	59.08	66.72	74.04	61.80	45.67
1018	62.14	70.37	70.35	59.16	66.84	74.20	61.94	45.68
1019	62.22	70.52	70.51	59.23	66.97	74.34	62.08	45.69
1020	62.29	70.66	70.67	59.31	67.09	74.49	62.21	45.70
1021	62.37	70.80	70.82	59.39	67.21	74.63	62.36	45.70
1022	62.45	70.94	70.97	59.46	67.34	74.77	62.49	45.71
1023	62.52	71.08	71.12	59.54	67.46	74.91	62.63	45.72
1024	62.60	71.22	71.27	59.62	67.58	75.05	62.76	45.72
1025	62.67	71.35	71.42	59.70	67.70	75.18	62.90	45.74
1026	62.75	71.48	71.56	59.78	67.83	75.31	63.04	45.75
1027	62.83	71.61	71.70	59.86	67.94	75.44	63.17	45.75
1028	62.91	71.74	71.84	59.94	68.06	75.57	63.30	45.76
1029	62.98	71.86	71.97	60.02	68.19	75.69	63.43	45.77
1030	63.06	71.99	72.10	60.10	68.30	75.82	63.57	45.78
1031	63.14	72.10	72.23	60.18	68.42	75.95	63.69	45.79
1032	63.22	72.22	72.36	60.25	68.54	76.07	63.82	45.79
1033	63.29	72.34	72.48	60.33	68.65	76.19	63.95	45.80
1034	63.37	72.45	72.60	60.41	68.78	76.30	64.08	45.81
1035	63.45	72.56	72.72	60.48	68.89	76.42	64.20	45.82
1036	63.52	72.67	72.84	60.56	69.01	76.53	64.33	45.83
1037	63.60	72.78	72.95	60.64	69.13	76.65	64.46	45.84
1038	63.68	72.88	73.07	60.72	69.25	76.76	64.58	45.85
1039	63.75	72.99	73.18	60.80	69.36	76.87	64.70	45.86
1040	63.83	73.09	73.29	60.88	69.47	76.98	64.83	45.87
1041	63.91	73.19	73.40	60.96	69.59	77.10	64.95	45.88
1042	63.99	73.29	73.51	61.04	69.70	77.19	65.07	45.89
1043	64.06	73.39	73.60	61.11	69.81	77.28	65.19	45.90
1044	64.14	73.46	73.67	61.19	69.92	77.32	65.31	45.91
1045	64.22	73.51	73.70	61.27	70.04	77.31	65.43	45.92
1046	64.29	73.53	73.69	61.34	70.14	77.23	65.54	45.93
1047	64.37	73.51	73.65	61.42	70.25	77.11	65.65	45.94
1048	64.45	73.48	73.57	61.50	70.35	76.94	65.75	45.95
1049	64.52	73.41	73.46	61.57	70.43	76.74	65.85	45.97
1050	64.59	73.32	73.32	61.65	70.52	76.52	65.94	45.98
1051	64.67	73.21	73.17	61.72	70.59	76.27	66.03	45.99
1052	64.74	73.08	73.00	61.79	70.64	76.02	66.10	46.00
1053	64.81	72.93	72.81	61.86	70.70	75.75	66.17	46.01
1054	64.87	72.77	72.60	61.92	70.73	75.47	66.22	46.03
1055	64.93	72.60	72.38	61.98	70.76	75.19	66.27	46.04
1056	64.99	72.43	72.16	62.04	70.78	74.91	66.30	46.06
1057	65.04	72.23	71.93	62.09	70.79	74.62	66.34	46.07
1058	65.10	72.04	71.69	62.14	70.79	74.34	66.36	46.08
1059	65.15	71.85	71.46	62.18	70.78	74.05	66.36	46.10
1060	65.19	71.64	71.22	62.22	70.76	73.78	66.36	46.11
1061	65.23	71.43	70.98	62.26	70.74	73.49	66.35	46.12
1062	65.27	71.23	70.73	62.29	70.71	73.22	66.34	46.14
1063	65.30	71.02	70.48	62.32	70.68	72.95	66.31	46.15
1064	65.33	70.82	70.25	62.34	70.63	72.68	66.29	46.17
1065	65.35	70.61	70.00	62.36	70.59	72.42	66.25	46.19
1066	65.37	70.40	69.75	62.37	70.54	72.17	66.21	46.20
1067	65.38	70.20	69.52	62.38	70.48	71.91	66.16	46.22
1068	65.39	69.99	69.27	62.39	70.41	71.66	66.11	46.23
1069	65.40	69.78	69.04	62.39	70.36	71.42	66.05	46.25
1070	65.40	69.58	68.81	62.39	70.28	71.18	65.98	46.26
1071	65.41	69.38	68.57	62.38	70.21	70.94	65.91	46.28
1072	65.40	69.17	68.34	62.38	70.14	70.72	65.84	46.30
1073	65.40	68.98	68.12	62.37	70.06	70.49	65.76	46.31
1074	65.39	68.79	67.90	62.35	69.99	70.27	65.69	46.33
1075	65.37	68.59	67.67	62.33	69.91	70.06	65.60	46.34
1076	65.36	68.41	67.46	62.31	69.82	69.84	65.50	46.36
1077	65.34	68.22	67.24	62.28	69.73	69.63	65.42	46.38
1078	65.32	68.04	67.03	62.26	69.65	69.44	65.32	46.39
1079	65.30	67.86	66.83	62.23	69.56	69.23	65.22	46.41
1080	65.28	67.68	66.62	62.21	69.47	69.04	65.13	46.42
1081	65.25	67.50	66.42	62.17	69.38	68.86	65.02	46.44
1082	65.22	67.33	66.22	62.14	69.30	68.67	64.92	46.46
1083	65.19	67.16	66.03	62.11	69.20	68.48	64.82	46.47
1084	65.16	66.99	65.84	62.07	69.10	68.30	64.71	46.49
1085	65.13	66.83	65.65	62.03	69.01	68.13	64.60	46.51
1086	65.09	66.67	65.47	61.99	68.91	67.95	64.50	46.52
1087	65.06	66.51	65.28	61.95	68.81	67.79	64.39	46.54
1088	65.02	66.35	65.10	61.91	68.72	67.62	64.28	46.56
1089	64.98	66.20	64.93	61.86	68.62	67.46	64.16	46.58
1090	64.94	66.05	64.76	61.82	68.52	67.30	64.05	46.60
1091	64.90	65.90	64.59	61.78	68.42	67.14	63.93	46.61
1092	64.86	65.76	64.43	61.72	68.32	66.99	63.82	46.63
1093	64.81	65.61	64.26	61.68	68.22	66.84	63.71	46.64
1094	64.77	65.48	64.11	61.63	68.12	66.69	63.59	46.66
1095	64.73	65.34	63.95	61.58	68.02	66.54	63.48	46.68
1096	64.68	65.20	63.79	61.53	67.92	66.40	63.37	46.69
1097	64.63	65.07	63.64	61.48	67.82	66.26	63.25	46.71
1098	64.59	64.94	63.50	61.43	67.72	66.12	63.14	46.73
1099	64.54	64.81	63.35	61.37	67.62	65.98	63.02	46.74
1100	64.49	64.69	63.20	61.32	67.52	65.85	62.91	46.76
1101	64.44	64.56	63.06	61.27	67.42	65.73	62.79	46.78
1102	64.40	64.44	62.93	61.22	67.31	65.59	62.67	46.79
1103	64.35	64.32	62.80	61.16	67.21	65.46	62.56	46.81
1104	64.29	64.20	62.66	61.10	67.11	65.34	62.45	46.83
1105	64.24	64.08	62.53	61.05	67.02	65.21	62.34	46.84
1106	64.19	63.98	62.41	61.00	66.91	65.09	62.23	46.86
1107	64.14	63.86	62.28	60.94	66.81	64.97	62.11	46.88
1108	64.09	63.75	62.16	60.88	66.72	64.86	62.00	46.89
1109	64.04	63.65	62.03	60.83	66.61	64.74	61.90	46.91
1110	63.99	63.54	61.92	60.77	66.51	64.63	61.78	46.92
1111	63.94	63.44	61.81	60.71	66.41	64.51	61.67	46.94
1112	63.88	63.34	61.69	60.66	66.32	64.40	61.57	46.95
1113	63.83	63.23	61.58	60.60	66.22	64.29	61.45	46.97
1114	63.78	63.14	61.47	60.55	66.12	64.18	61.34	46.98
1115	63.73	63.04	61.36	60.49	66.02	64.08	61.24	47.00
1116	63.67	62.95	61.26	60.43	65.92	63.98	61.14	47.01
1117	63.62	62.85	61.15	60.38	65.83	63.87	61.03	47.03
1118	63.57	62.76	61.05	60.32	65.73	63.77	60.92	47.04
1119	63.51	62.67	60.95	60.27	65.63	63.67	60.83	47.05
1120	63.46	62.58	60.85	60.21	65.54	63.57	60.72	47.07
1121	63.41	62.50	60.76	60.15	65.44	63.48	60.62	47.09
1122	63.36	62.41	60.66	60.10	65.35	63.38	60.52	47.10
1123	63.30	62.33	60.58	60.04	65.26	63.31	60.42	47.11
1124	63.25	62.27	60.52	59.99	65.16	63.29	60.32	47.12
1125	63.20	62.24	60.50	59.93	65.06	63.33	60.22	47.13
1126	63.14	62.24	60.52	59.87	64.97	63.44	60.13	47.15
1127	63.09	62.27	60.59	59.82	64.89	63.60	60.04	47.16
1128	63.04	62.34	60.69	59.76	64.81	63.81	59.95	47.17
1129	62.99	62.43	60.82	59.71	64.73	64.05	59.88	47.19
1130	62.93	62.55	60.98	59.65	64.68	64.33	59.80	47.19
1131	62.88	62.69	61.17	59.60	64.62	64.63	59.73	47.20
1132	62.84	62.85	61.37	59.55	64.58	64.93	59.68	47.22
1133	62.79	63.03	61.59	59.51	64.56	65.26	59.63	47.23
1134	62.75	63.22	61.83	59.46	64.54	65.57	59.60	47.23
1135	62.70	63.42	62.07	59.42	64.54	65.91	59.57	47.24
1136	62.67	63.64	62.33	59.38	64.55	66.23	59.56	47.25
1137	62.64	63.85	62.58	59.35	64.56	66.57	59.55	47.26
1138	62.61	64.09	62.86	59.32	64.58	66.90	59.56	47.27
1139	62.59	64.32	63.13	59.30	64.62	67.21	59.57	47.28
1140	62.56	64.56	63.40	59.28	64.66	67.54	59.59	47.29
1141	62.55	64.80	63.69	59.27	64.71	67.85	59.63	47.30
1142	62.54	65.04	63.96	59.26	64.77	68.17	59.66	47.30
1143	62.53	65.28	64.24	59.26	64.84	68.46	59.72	47.32
1144	62.53	65.53	64.51	59.25	64.91	68.77	59.77	47.32
1145	62.53	65.77	64.80	59.26	64.99	69.07	59.83	47.33
1146	62.53	66.01	65.07	59.26	65.06	69.35	59.91	47.34
1147	62.54	66.24	65.34	59.27	65.15	69.64	59.98	47.35
1148	62.56	66.49	65.62	59.29	65.24	69.91	60.06	47.36
1149	62.57	66.72	65.88	59.31	65.33	70.19	60.15	47.37
1150	62.59	66.95	66.15	59.33	65.43	70.46	60.24	47.38
1151	62.62	67.19	66.41	59.36	65.52	70.71	60.34	47.39
1152	62.64	67.41	66.67	59.39	65.63	70.97	60.44	47.40
1153	62.68	67.64	66.93	59.43	65.73	71.20	60.54	47.40
1154	62.71	67.87	67.17	59.46	65.83	71.45	60.65	47.41
1155	62.75	68.08	67.42	59.50	65.94	71.69	60.76	47.42
1156	62.78	68.29	67.67	59.54	66.05	71.92	60.87	47.43
1157	62.83	68.50	67.91	59.59	66.16	72.15	60.99	47.43
1158	62.87	68.72	68.14	59.64	66.27	72.37	61.11	47.44
1159	62.92	68.92	68.37	59.68	66.39	72.59	61.23	47.44
1160	62.97	69.13	68.60	59.74	66.51	72.81	61.35	47.45
1161	63.02	69.33	68.82	59.79	66.62	73.01	61.48	47.46
1162	63.07	69.52	69.05	59.85	66.74	73.22	61.61	47.46
1163	63.13	69.72	69.27	59.91	66.86	73.41	61.73	47.47
1164	63.19	69.91	69.48	59.97	66.98	73.61	61.87	47.48
1165	63.25	70.09	69.69	60.03	67.10	73.80	61.99	47.48
1166	63.31	70.28	69.89	60.09	67.21	73.99	62.13	47.49
1167	63.36	70.46	70.10	60.16	67.34	74.18	62.27	47.49
1168	63.43	70.63	70.29	60.23	67.46	74.35	62.40	47.50
1169	63.50	70.81	70.49	60.29	67.58	74.54	62.54	47.50
1170	63.56	70.98	70.68	60.36	67.71	74.71	62.67	47.51
1171	63.62	71.15	70.87	60.43	67.82	74.88	62.81	47.52
1172	63.69	71.31	71.05	60.50	67.95	75.04	62.95	47.53
1173	63.76	71.48	71.23	60.57	68.07	75.20	63.08	47.53
1174	63.83	71.63	71.41	60.64	68.19	75.37	63.23	47.54
1175	63.90	71.79	71.58	60.72	68.31	75.53	63.36	47.54
1176	63.97	71.95	71.76	60.79	68.43	75.68	63.50	47.55
1177	64.04	72.10	71.92	60.87	68.55	75.84	63.64	47.55
1178	64.12	72.25	72.09	60.94	68.67	75.99	63.77	47.56
1179	64.18	72.39	72.24	61.02	68.80	76.13	63.91	47.56
1180	64.26	72.54	72.40	61.09	68.92	76.27	64.04	47.57
1181	64.33	72.68	72.56	61.17	69.04	76.41	64.18	47.58
1182	64.40	72.82	72.71	61.25	69.16	76.56	64.32	47.58
1183	64.48	72.96	72.87	61.33	69.28	76.69	64.45	47.59
1184	64.56	73.09	73.01	61.40	69.40	76.83	64.59	47.60
1185	64.63	73.22	73.15	61.48	69.52	76.96	64.72	47.61
1186	64.71	73.34	73.29	61.55	69.64	77.10	64.86	47.61
1187	64.78	73.47	73.43	61.63	69.76	77.22	64.99	47.62
1188	64.85	73.59	73.56	61.71	69.88	77.35	65.13	47.63
1189	64.93	73.72	73.70	61.79	70.00	77.48	65.25	47.63
1190	65.00	73.83	73.83	61.86	70.11	77.60	65.38	47.64
1191	65.08	73.96	73.96	61.95	70.23	77.72	65.51	47.65
1192	65.16	74.07	74.08	62.02	70.35	77.84	65.64	47.66
1193	65.23	74.19	74.21	62.10	70.47	77.96	65.77	47.66
1194	65.31	74.31	74.32	62.18	70.59	78.07	65.89	47.67
1195	65.38	74.41	74.44	62.26	70.70	78.19	66.01	47.68
1196	65.46	74.52	74.56	62.33	70.81	78.30	66.14	47.69
1197	65.53	74.62	74.67	62.41	70.93	78.41	66.27	47.70
1198	65.61	74.74	74.79	62.48	71.04	78.52	66.39	47.71
1199	65.68	74.84	74.90	62.57	71.15	78.63	66.51	47.71
1200	65.76	74.94	75.01	62.64	71.26	78.74	66.63	47.72
1201	65.83	75.03	75.11	62.72	71.38	78.85	66.75	47.73
1202	65.91	75.14	75.22	62.80	71.48	78.94	66.87	47.74
1203	65.98	75.22	75.31	62.87	71.60	79.02	66.99	47.75
1204	66.06	75.29	75.37	62.95	71.70	79.04	67.11	47.76
1205	66.13	75.33	75.38	63.03	71.82	79.01	67.22	47.77
1206	66.21	75.33	75.36	63.10	71.92	78.91	67.33	47.78
1207	66.28	75.32	75.30	63.18	72.02	78.77	67.44	47.79
1208	66.35	75.26	75.22	63.25	72.11	78.60	67.54	47.80
1209	66.42	75.19	75.10	63.32	72.20	78.39	67.64	47.81
1210	66.49	75.09	74.95	63.40	72.28	78.16	67.73	47.82
1211	66.57	74.97	74.79	63.47	72.34	77.91	67.80	47.84
1212	66.64	74.84	74.61	63.54	72.40	77.65	67.88	47.85
1213	66.70	74.68	74.42	63.60	72.44	77.38	67.94	47.86
1214	66.76	74.52	74.21	63.66	72.47	77.10	67.99	47.87
1215	66.83	74.34	73.99	63.72	72.50	76.82	68.04	47.88
1216	66.88	74.16	73.77	63.78	72.51	76.53	68.07	47.90
1217	66.93	73.97	73.53	63.82	72.52	76.25	68.09	47.91
1218	66.98	73.78	73.30	63.87	72.52	75.96	68.10	47.92
1219	67.02	73.57	73.06	63.91	72.51	75.68	68.11	47.94
1220	67.06	73.37	72.82	63.95	72.48	75.40	68.11	47.95
1221	67.10	73.17	72.58	63.99	72.46	75.12	68.10	47.96
1222	67.13	72.96	72.34	64.01	72.42	74.84	68.08	47.97
1223	67.16	72.75	72.09	64.03	72.38	74.58	68.06	47.99
1224	67.19	72.54	71.85	64.05	72.34	74.31	68.03	48.00
1225	67.20	72.33	71.60	64.07	72.28	74.05	67.99	48.02
1226	67.22	72.12	71.36	64.08	72.23	73.79	67.95	48.03
1227	67.23	71.91	71.12	64.09	72.18	73.54	67.90	48.05
1228	67.24	71.71	70.88	64.09	72.11	73.29	67.84	48.06
1229	67.24	71.50	70.64	64.09	72.05	73.05	67.78	48.07
1230	67.25	71.30	70.42	64.09	71.97	72.81	67.71	48.09
1231	67.24	71.10	70.18	64.08	71.90	72.58	67.64	48.11
1232	67.23	70.89	69.95	64.07	71.83	72.35	67.56	48.12
1233	67.23	70.70	69.73	64.06	71.75	72.13	67.48	48.14
1234	67.22	70.51	69.50	64.04	71.67	71.91	67.40	48.15
1235	67.20	70.31	69.28	64.02	71.59	71.69	67.31	48.16
1236	67.18	70.13	69.07	64.00	71.51	71.48	67.22	48.18
1237	67.17	69.94	68.85	63.97	71.41	71.28	67.13	48.20
1238	67.15	69.75	68.64	63.95	71.33	71.07	67.03	48.21
1239	67.12	69.58	68.43	63.92	71.24	70.88	66.94	48.23
1240	67.09	69.40	68.23	63.88	71.15	70.68	66.84	48.25
1241	67.07	69.22	68.04	63.85	71.06	70.50	66.73	48.26
1242	67.04	69.05	67.84	63.82	70.96	70.31	66.63	48.27
1243	67.00	68.88	67.64	63.78	70.87	70.13	66.52	48.28
1244	66.97	68.71	67.45	63.74	70.77	69.95	66.41	48.30
1245	66.93	68.54	67.26	63.70	70.68	69.77	66.31	48.32
1246	66.91	68.39	67.08	63.66	70.58	69.59	66.19	48.33
1247	66.86	68.23	66.90	63.62	70.48	69.43	66.08	48.35
1248	66.82	68.07	66.73	63.57	70.38	69.27	65.97	48.37
1249	66.78	67.92	66.55	63.53	70.28	69.10	65.86	48.38
1250	66.74	67.77	66.38	63.48	70.18	68.94	65.74	48.40
1251	66.70	67.62	66.21	63.44	70.08	68.78	65.63	48.41
1252	66.65	67.47	66.04	63.39	69.98	68.62	65.52	48.43
1253	66.61	67.33	65.88	63.34	69.88	68.48	65.40	48.44
1254	66.56	67.19	65.72	63.28	69.78	68.33	65.28	48.46
1255	66.51	67.05	65.56	63.24	69.67	68.18	65.17	48.47
1256	66.47	66.92	65.41	63.18	69.57	68.04	65.05	48.49
1257	66.42	66.78	65.26	63.13	69.47	67.90	64.94	48.50
1258	66.37	66.65	65.11	63.08	69.37	67.76	64.83	48.52
1259	66.32	66.53	64.97	63.03	69.27	67.62	64.71	48.54
1260	66.27	66.40	64.82	62.97	69.16	67.49	64.60	48.55
1261	66.22	66.27	64.68	62.92	69.06	67.36	64.48	48.57
1262	66.17	66.15	64.55	62.86	68.96	67.23	64.36	48.58
1263	66.12	66.03	64.42	62.80	68.86	67.10	64.25	48.60
1264	66.06	65.92	64.28	62.75	68.76	66.98	64.14	48.61
1265	66.01	65.80	64.15	62.69	68.66	66.86	64.02	48.63
1266	65.96	65.69	64.02	62.64	68.55	66.73	63.91	48.64
1267	65.91	65.58	63.90	62.58	68.45	66.61	63.80	48.66
1268	65.86	65.46	63.78	62.52	68.35	66.49	63.69	48.67
1269	65.80	65.35	63.65	62.47	68.25	66.38	63.57	48.69
1270	65.75	65.25	63.54	62.41	68.15	66.26	63.47	48.71
1271	65.69	65.15	63.42	62.36	68.05	66.15	63.36	48.72
1272	65.64	65.04	63.31	62.30	67.95	66.04	63.25	48.73
1273	65.59	64.94	63.19	62.24	67.85	65.93	63.13	48.75
1274	65.54	64.85	63.09	62.18	67.75	65.82	63.03	48.76
1275	65.48	64.75	62.98	62.13	67.65	65.71	62.92	48.77
1276	65.42	64.65	62.87	62.07	67.55	65.61	62.81	48.79
1277	65.37	64.56	62.77	62.01	67.46	65.51	62.71	48.81
1278	65.32	64.46	62.66	61.95	67.36	65.40	62.61	48.81
1279	65.26	64.37	62.57	61.89	67.25	65.30	62.50	48.82
1280	65.21	64.28	62.47	61.84	67.16	65.21	62.40	48.84
1281	65.16	64.20	62.37	61.78	67.06	65.10	62.30	48.85
1282	65.10	64.11	62.28	61.72	66.97	65.00	62.19	48.86
1283	65.05	64.03	62.19	61.66	66.87	64.93	62.09	48.87
1284	64.99	63.97	62.13	61.61	66.78	64.90	61.99	48.89
1285	64.94	63.94	62.12	61.55	66.69	64.94	61.90	48.90
1286	64.88	63.94	62.13	61.49	66.59	65.05	61.80	48.91
1287	64.83	63.97	62.19	61.44	66.50	65.21	61.71	48.92
1288	64.78	64.03	62.29	61.38	66.42	65.42	61.62	48.93
1289	64.72	64.12	62.43	61.33	66.35	65.66	61.55	48.94
1290	64.67	64.24	62.58	61.27	66.29	65.93	61.47	48.96
1291	64.62	64.37	62.76	61.22	66.24	66.22	61.41	48.97
1292	64.57	64.54	62.97	61.17	66.20	66.52	61.35	48.97
1293	64.52	64.71	63.19	61.12	66.17	66.84	61.31	48.98
1294	64.48	64.90	63.42	61.08	66.15	67.16	61.27	49.00
1295	64.44	65.10	63.67	61.04	66.14	67.49	61.25	49.01
1296	64.40	65.31	63.92	61.00	66.15	67.81	61.23	49.02
1297	64.36	65.54	64.18	60.96	66.16	68.14	61.23	49.03
1298	64.33	65.76	64.45	60.93	66.19	68.47	61.23	49.03
1299	64.31	65.99	64.72	60.91	66.22	68.78	61.25	49.04
1300	64.28	66.23	64.99	60.89	66.27	69.11	61.27	49.05
1301	64.27	66.46	65.27	60.87	66.32	69.42	61.31	49.06
1302	64.25	66.70	65.55	60.87	66.37	69.73	61.34	49.07
1303	64.24	66.94	65.82	60.86	66.44	70.03	61.39	49.07
1304	64.24	67.18	66.09	60.85	66.50	70.34	61.44	49.08
1305	64.24	67.42	66.36	60.85	66.58	70.63	61.50	49.09
1306	64.24	67.66	66.65	60.86	66.66	70.91	61.57	49.10
1307	64.25	67.90	66.92	60.87	66.74	71.20	61.64	49.11
1308	64.26	68.14	67.18	60.89	66.83	71.47	61.72	49.11
1309	64.28	68.36	67.45	60.91	66.92	71.74	61.81	49.12
1310	64.30	68.60	67.72	60.93	67.01	72.00	61.90	49.13
1311	64.32	68.83	67.97	60.95	67.11	72.26	61.99	49.13
1312	64.35	69.05	68.23	60.99	67.21	72.52	62.09	49.14
1313	64.38	69.28	68.48	61.02	67.31	72.76	62.19	49.14
1314	64.41	69.50	68.73	61.05	67.42	73.01	62.30	49.15
1315	64.44	69.71	68.98	61.09	67.52	73.24	62.40	49.16
1316	64.49	69.94	69.22	61.13	67.63	73.47	62.52	49.16
1317	64.52	70.14	69.46	61.18	67.74	73.69	62.64	49.17
1318	64.57	70.35	69.70	61.23	67.85	73.91	62.75	49.17
1319	64.62	70.56	69.93	61.28	67.97	74.13	62.87	49.18
1320	64.66	70.76	70.15	61.33	68.08	74.34	63.00	49.18
1321	64.71	70.96	70.38	61.38	68.19	74.55	63.12	49.19
1322	64.77	71.15	70.60	61.44	68.31	74.76	63.25	49.19
1323	64.82	71.35	70.82	61.49	68.42	74.95	63.37	49.20
1324	64.88	71.54	71.02	61.55	68.54	75.15	63.51	49.21
1325	64.93	71.72	71.23	61.61	68.67	75.34	63.64	49.21
1326	64.99	71.90	71.43	61.67	68.78	75.53	63.77	49.22
1327	65.05	72.08	71.64	61.74	68.90	75.71	63.90	49.22
1328	65.12	72.26	71.83	61.80	69.02	75.89	64.04	49.23
1329	65.18	72.43	72.03	61.87	69.14	76.07	64.17	49.23
1330	65.24	72.60	72.21	61.93	69.26	76.23	64.31	49.24
1331	65.31	72.77	72.40	62.00	69.38	76.40	64.44	49.24
1332	65.37	72.93	72.59	62.08	69.50	76.57	64.58	49.24
1333	65.44	73.10	72.77	62.15	69.62	76.73	64.72	49.25
1334	65.51	73.25	72.94	62.22	69.74	76.89	64.85	49.26
1335	65.58	73.40	73.11	62.29	69.86	77.05	64.99	49.26
1336	65.65	73.56	73.28	62.36	69.99	77.20	65.12	49.26
1337	65.72	73.71	73.45	62.43	70.10	77.36	65.26	49.27
1338	65.78	73.86	73.62	62.50	70.23	77.50	65.40	49.28
1339	65.85	74.00	73.78	62.58	70.35	77.65	65.53	49.28
1340	65.93	74.14	73.94	62.65	70.47	77.79	65.67	49.29
1341	66.00	74.28	74.09	62.73	70.59	77.93	65.80	49.29
1342	66.07	74.42	74.24	62.81	70.71	78.07	65.94	49.30
1343	66.14	74.56	74.39	62.88	70.83	78.21	66.07	49.30
1344	66.22	74.69	74.53	62.96	70.94	78.34	66.20	49.31
1345	66.29	74.82	74.67	63.04	71.06	78.48	66.34	49.31
1346	66.36	74.95	74.82	63.11	71.18	78.61	66.47	49.32
1347	66.44	75.07	74.95	63.19	71.30	78.73	66.60	49.32
1348	66.51	75.20	75.09	63.27	71.41	78.86	66.73	49.33
1349	66.58	75.32	75.22	63.34	71.54	78.99	66.87	49.34
1350	66.66	75.44	75.35	63.42	71.65	79.11	66.99	49.34
1351	66.73	75.55	75.48	63.50	71.77	79.23	67.12	49.35
1352	66.81	75.67	75.60	63.57	71.88	79.34	67.24	49.36
1353	66.88	75.78	75.73	63.65	72.00	79.46	67.37	49.36
1354	66.96	75.90	75.85	63.72	72.11	79.57	67.50	49.37
1355	67.03	76.00	75.96	63.80	72.22	79.68	67.62	49.38
1356	67.11	76.11	76.08	63.88	72.34	79.80	67.75	49.38
1357	67.18	76.22	76.19	63.95	72.45	79.91	67.87	49.39
1358	67.26	76.32	76.30	64.03	72.56	80.02	67.99	49.40
1359	67.33	76.42	76.41	64.11	72.67	80.13	68.11	49.41
1360	67.40	76.52	76.52	64.19	72.79	80.24	68.23	49.42
1361	67.47	76.62	76.63	64.26	72.90	80.34	68.35	49.42
1362	67.55	76.72	76.73	64.34	73.01	80.44	68.47	49.43
1363	67.63	76.81	76.83	64.42	73.12	80.53	68.59	49.44
1364	67.70	76.89	76.90	64.49	73.22	80.57	68.70	49.45
1365	67.77	76.93	76.93	64.57	73.33	80.56	68.81	49.46
1366	67.84	76.95	76.92	64.64	73.44	80.49	68.93	49.47
1367	67.92	76.94	76.88	64.71	73.53	80.37	69.03	49.48
1368	67.99	76.90	76.81	64.78	73.63	80.21	69.14	49.49
1369	68.06	76.83	76.70	64.86	73.72	80.02	69.24	49.49
1370	68.13	76.75	76.56	64.93	73.79	79.80	69.33	49.51
1371	68.20	76.63	76.41	65.00	73.87	79.55	69.41	49.52
1372	68.27	76.50	76.23	65.07	73.93	79.30	69.48	49.53
1373	68.33	76.36	76.05	65.14	73.97	79.03	69.54	49.54
1374	68.39	76.19	75.84	65.19	74.01	78.76	69.60	49.55
1375	68.45	76.03	75.63	65.25	74.04	78.46	69.64	49.56
1376	68.51	75.85	75.41	65.31	74.06	78.19	69.68	49.57
1377	68.56	75.66	75.18	65.36	74.06	77.90	69.70	49.58
1378	68.61	75.46	74.94	65.41	74.06	77.62	69.72	49.59
1379	68.66	75.27	74.70	65.45	74.05	77.34	69.73	49.61
1380	68.70	75.07	74.47	65.49	74.03	77.05	69.73	49.61
1381	68.74	74.86	74.22	65.52	74.01	76.77	69.72	49.63
1382	68.77	74.66	73.98	65.55	73.98	76.49	69.70	49.64
1383	68.80	74.44	73.72	65.57	73.94	76.23	69.68	49.66
1384	68.82	74.24	73.49	65.59	73.90	75.96	69.65	49.67
1385	68.84	74.02	73.25	65.61	73.85	75.69	69.61	49.68
1386	68.86	73.82	73.00	65.62	73.79	75.43	69.57	49.69
1387	68.87	73.60	72.76	65.63	73.73	75.18	69.52	49.70
1388	68.88	73.40	72.52	65.64	73.67	74.93	69.46	49.72
1389	68.89	73.19	72.29	65.64	73.61	74.68	69.40	49.73
1390	68.89	72.99	72.04	65.63	73.54	74.44	69.34	49.75
1391	68.89	72.78	71.82	65.63	73.47	74.21	69.27	49.76
1392	68.88	72.59	71.58	65.62	73.39	73.97	69.19	49.77
1393	68.87	72.38	71.35	65.60	73.32	73.75	69.11	49.79
1394	68.86	72.19	71.13	65.58	73.23	73.53	69.02	49.80
1395	68.84	72.00	70.91	65.57	73.16	73.32	68.94	49.82
1396	68.83	71.81	70.70	65.55	73.07	73.10	68.85	49.83
1397	68.81	71.62	70.47	65.52	72.98	72.90	68.76	49.85
1398	68.79	71.44	70.27	65.49	72.89	72.68	68.66	49.86
1399	68.77	71.25	70.06	65.46	72.80	72.48	68.56	49.88
1400	68.74	71.07	69.85	65.44	72.71	72.29	68.46	49.89
1401	68.71	70.89	69.65	65.40	72.62	72.10	68.36	49.90
1402	68.68	70.72	69.45	65.36	72.53	71.91	68.26	49.91
1403	68.65	70.55	69.26	65.33	72.43	71.72	68.15	49.93
1404	68.61	70.38	69.06	65.29	72.33	71.54	68.05	49.95
1405	68.58	70.21	68.87	65.25	72.24	71.36	67.94	49.96
1406	68.54	70.06	68.69	65.21	72.14	71.19	67.83	49.98
1407	68.50	69.89	68.50	65.16	72.04	71.02	67.72	49.99
1408	68.46	69.73	68.33	65.12	71.94	70.85	67.60	50.00
1409	68.42	69.58	68.15	65.07	71.84	70.69	67.49	50.02
1410	68.38	69.42	67.98	65.03	71.74	70.53	67.38	50.03
1411	68.34	69.28	67.81	64.98	71.64	70.37	67.26	50.05
1412	68.29	69.13	67.64	64.93	71.54	70.21	67.15	50.07
1413	68.25	68.98	67.48	64.88	71.44	70.06	67.03	50.08
1414	68.20	68.84	67.32	64.84	71.34	69.91	66.92	50.10
1415	68.16	68.70	67.16	64.78	71.23	69.76	66.79	50.11
1416	68.11	68.56	67.01	64.72	71.13	69.61	66.68	50.12
1417	68.06	68.43	66.86	64.68	71.03	69.47	66.56	50.14
1418	68.01	68.30	66.71	64.63	70.92	69.33	66.44	50.15
1419	67.96	68.17	66.56	64.57	70.82	69.20	66.33	50.17
1420	67.91	68.04	66.41	64.52	70.72	69.06	66.21	50.18
1421	67.86	67.92	66.27	64.46	70.62	68.92	66.10	50.20
1422	67.81	67.79	66.14	64.40	70.52	68.80	65.98	50.21
1423	67.76	67.67	66.00	64.35	70.41	68.67	65.87	50.23
1424	67.70	67.55	65.87	64.29	70.31	68.54	65.75	50.24
1425	67.65	67.44	65.74	64.24	70.21	68.41	65.64	50.26
1426	67.60	67.32	65.61	64.18	70.10	68.29	65.53	50.27
1427	67.55	67.20	65.48	64.12	70.00	68.17	65.42	50.28
1428	67.49	67.09	65.36	64.07	69.90	68.05	65.30	50.30
1429	67.43	66.99	65.23	64.01	69.80	67.93	65.19	50.31
1430	67.38	66.88	65.12	63.95	69.70	67.82	65.08	50.33
1431	67.33	66.78	65.00	63.89	69.60	67.71	64.96	50.34
1432	67.27	66.67	64.88	63.83	69.50	67.59	64.85	50.35
1433	67.22	66.57	64.77	63.77	69.40	67.48	64.75	50.37
1434	67.16	66.47	64.66	63.72	69.30	67.37	64.64	50.38
1435	67.11	66.37	64.56	63.66	69.20	67.26	64.53	50.39
1436	67.05	66.27	64.44	63.60	69.10	67.16	64.43	50.40
1437	67.00	66.17	64.34	63.54	69.00	67.05	64.32	50.41
1438	66.94	66.08	64.23	63.49	68.90	66.94	64.21	50.43
1439	66.89	65.99	64.14	63.43	68.80	66.85	64.11	50.44
1440	66.83	65.90	64.03	63.37	68.70	66.74	64.01	50.45
1441	66.78	65.81	63.94	63.31	68.61	66.64	63.90	50.47
1442	66.72	65.72	63.84	63.25	68.51	66.55	63.80	50.47
1443	66.67	65.64	63.75	63.20	68.41	66.47	63.69	50.49
1444	66.61	65.58	63.69	63.14	68.32	66.43	63.59	50.50
1445	66.56	65.54	63.67	63.08	68.22	66.46	63.49	50.51
1446	66.50	65.53	63.68	63.03	68.13	66.57	63.40	50.52
1447	66.44	65.56	63.74	62.97	68.04	66.72	63.31	50.53
1448	66.39	65.62	63.83	62.91	67.96	66.92	63.22	50.54
1449	66.34	65.71	63.96	62.85	67.88	67.16	63.13	50.55
1450	66.28	65.82	64.11	62.79	67.82	67.42	63.06	50.56
1451	66.23	65.95	64.28	62.74	67.77	67.71	63.00	50.57
1452	66.18	66.11	64.49	62.69	67.72	68.02	62.94	50.58
1453	66.13	66.28	64.71	62.64	67.70	68.32	62.89	50.59
1454	66.08	66.47	64.93	62.59	67.68	68.64	62.85	50.60
1455	66.04	66.66	65.17	62.55	67.67	68.97	62.83	50.61
1456	66.00	66.87	65.42	62.52	67.67	69.30	62.81	50.62
1457	65.97	67.09	65.69	62.48	67.68	69.61	62.80	50.63
1458	65.93	67.32	65.95	62.45	67.71	69.94	62.81	50.64
1459	65.91	67.54	66.21	62.42	67.74	70.27	62.82	50.64
1460	65.88	67.77	66.49	62.40	67.78	70.59	62.84	50.65
1461	65.86	68.01	66.76	62.39	67.83	70.89	62.87	50.66
1462	65.85	68.25	67.03	62.37	67.88	71.20	62.91	50.67
1463	65.84	68.48	67.31	62.37	67.94	71.51	62.96	50.67
1464	65.83	68.72	67.58	62.36	68.01	71.80	63.01	50.68
1465	65.83	68.96	67.85	62.36	68.07	72.09	63.07	50.69
1466	65.83	69.19	68.12	62.37	68.15	72.38	63.13	50.69
1467	65.84	69.43	68.40	62.38	68.23	72.66	63.20	50.70
1468	65.85	69.66	68.66	62.39	68.32	72.94	63.28	50.71
1469	65.86	69.90	68.93	62.40	68.40	73.20	63.37	50.71
1470	65.88	70.13	69.18	62.42	68.50	73.46	63.45	50.72
1471	65.90	70.35	69.45	62.45	68.59	73.72	63.55	50.73
1472	65.93	70.59	69.71	62.48	68.69	73.97	63.64	50.73
1473	65.96	70.80	69.95	62.51	68.79	74.22	63.74	50.74
1474	65.99	71.02	70.20	62.54	68.89	74.45	63.85	50.75
1475	66.02	71.24	70.44	62.58	68.99	74.69	63.96	50.75
1476	66.05	71.45	70.68	62.62	69.10	74.93	64.07	50.76
1477	66.09	71.66	70.93	62.67	69.21	75.14	64.18	50.76
1478	66.14	71.87	71.15	62.71	69.32	75.37	64.30	50.77
1479	66.18	72.07	71.39	62.76	69.44	75.59	64.42	50.77
1480	66.23	72.28	71.61	62.81	69.54	75.80	64.54	50.78
1481	66.27	72.47	71.83	62.86	69.66	76.00	64.67	50.78
1482	66.32	72.67	72.05	62.92	69.77	76.20	64.78	50.79
1483	66.38	72.85	72.26	62.97	69.90	76.40	64.91	50.79
1484	66.43	73.04	72.48	63.03	70.01	76.59	65.04	50.79
1485	66.49	73.23	72.68	63.09	70.12	76.78	65.17	50.80
1486	66.54	73.40	72.88	63.15	70.24	76.97	65.30	50.81
1487	66.60	73.58	73.09	63.21	70.36	77.15	65.43	50.81
1488	66.66	73.76	73.28	63.27	70.48	77.33	65.57	50.81
1489	66.73	73.93	73.47	63.34	70.59	77.50	65.70	50.82
1490	66.79	74.10	73.66	63.41	70.71	77.67	65.84	50.82
1491	66.85	74.27	73.85	63.48	70.83	77.84	65.97	50.82
1492	66.92	74.43	74.03	63.54	70.95	78.00	66.10	50.83
1493	66.98	74.59	74.21	63.61	71.07	78.17	66.24	50.84
1494	67.05	74.75	74.39	63.68	71.19	78.32	66.37	50.84
1495	67.11	74.90	74.55	63.75	71.31	78.48	66.51	50.84
1496	67.18	75.05	74.73	63.82	71.43	78.63	66.64	50.85
1497	67.25	75.20	74.89	63.89	71.54	78.79	66.78	50.86
1498	67.32	75.34	75.05	63.97	71.67	78.94	66.92	50.86
1499	67.39	75.49	75.20	64.04	71.79	79.08	67.05	50.86
1500	67.46	75.63	75.36	64.11	71.91	79.22	67.18	50.87
1501	67.53	75.77	75.51	64.18	72.02	79.36	67.32	50.87
1502	67.60	75.90	75.66	64.26	72.14	79.50	67.45	50.88
1503	67.67	76.04	75.81	64.34	72.26	79.63	67.59	50.88
1504	67.74	76.16	75.95	64.41	72.38	79.76	67.72	50.88
1505	67.81	76.29	76.10	64.49	72.50	79.90	67.85	50.89
1506	67.89	76.42	76.23	64.56	72.61	80.03	67.98	50.90
1507	67.96	76.54	76.37	64.63	72.72	80.15	68.10	50.90
1508	68.03	76.67	76.50	64.71	72.84	80.28	68.23	50.90
1509	68.10	76.78	76.63	64.78	72.96	80.40	68.36	50.91
1510	68.17	76.90	76.76	64.86	73.07	80.52	68.49	50.92
1511	68.24	77.02	76.89	64.93	73.19	80.65	68.62	50.92
1512	68.32	77.14	77.01	65.01	73.30	80.76	68.75	50.93
1513	68.39	77.24	77.13	65.09	73.41	80.88	68.87	50.93
1514	68.46	77.36	77.25	65.16	73.53	80.99	68.99	50.94
1515	68.53	77.47	77.36	65.24	73.64	81.10	69.12	50.95
1516	68.61	77.57	77.48	65.31	73.75	81.21	69.24	50.95
1517	68.68	77.67	77.59	65.39	73.87	81.32	69.36	50.96
1518	68.75	77.78	77.70	65.46	73.97	81.43	69.48	50.97
1519	68.82	77.88	77.81	65.54	74.08	81.53	69.60	50.97
1520	68.90	77.98	77.91	65.61	74.19	81.64	69.72	50.98
1521	68.97	78.08	78.02	65.69	74.31	81.74	69.84	50.99
1522	69.04	78.17	78.12	65.76	74.41	81.84	69.95	51.00
1523	69.11	78.26	78.21	65.84	74.52	81.91	70.07	51.00
1524	69.19	78.33	78.27	65.91	74.63	81.95	70.18	51.01
1525	69.26	78.37	78.29	65.98	74.74	81.92	70.30	51.02
1526	69.33	78.37	78.27	66.05	74.84	81.82	70.41	51.03
1527	69.40	78.35	78.22	66.13	74.93	81.70	70.51	51.04
1528	69.47	78.30	78.13	66.20	75.03	81.52	70.62	51.05
1529	69.54	78.22	78.01	66.27	75.11	81.32	70.71	51.06
1530	69.61	78.13	77.88	66.34	75.19	81.09	70.80	51.07
1531	69.68	78.01	77.71	66.41	75.25	80.85	70.88	51.08
1532	69.74	77.88	77.54	66.47	75.31	80.59	70.95	51.09
1533	69.81	77.73	77.34	66.54	75.35	80.32	71.01	51.10
1534	69.87	77.56	77.14	66.60	75.38	80.03	71.06	51.11
1535	69.92	77.39	76.92	66.65	75.41	79.75	71.11	51.12
1536	69.98	77.21	76.70	66.70	75.43	79.46	71.14	51.13
1537	70.03	77.01	76.46	66.75	75.42	79.18	71.16	51.14
1538	70.07	76.82	76.23	66.79	75.42	78.89	71.17	51.15
1539	70.12	76.61	75.99	66.83	75.41	78.61	71.18	51.16
1540	70.16	76.42	75.75	66.87	75.39	78.34	71.17	51.17
1541	70.20	76.21	75.51	66.90	75.36	78.05	71.16	51.18
1542	70.22	76.00	75.26	66.92	75.33	77.78	71.14	51.19
1543	70.25	75.79	75.01	66.94	75.29	77.51	71.12	51.20
1544	70.27	75.58	74.77	66.96	75.24	77.24	71.08	51.22
1545	70.29	75.38	74.53	66.98	75.19	76.97	71.04	51.23
1546	70.31	75.16	74.28	66.99	75.14	76.72	70.99	51.24
1547	70.31	74.95	74.04	66.99	75.07	76.46	70.94	51.25
1548	70.32	74.74	73.80	67.00	75.01	76.22	70.88	51.27
1549	70.32	74.54	73.56	66.99	74.94	75.97	70.82	51.27
1550	70.32	74.33	73.33	66.99	74.87	75.73	70.75	51.29
1551	70.32	74.13	73.10	66.98	74.80	75.49	70.68	51.30
1552	70.31	73.93	72.86	66.96	74.72	75.26	70.60	51.31
1553	70.30	73.73	72.64	66.94	74.64	75.03	70.52	51.33
1554	70.29	73.53	72.41	66.93	74.56	74.82	70.43	51.34
1555	70.28	73.35	72.20	66.91	74.48	74.60	70.34	51.35
1556	70.26	73.16	71.98	66.89	74.39	74.39	70.26	51.36
1557	70.24	72.97	71.77	66.86	74.30	74.18	70.16	51.38
1558	70.21	72.78	71.55	66.83	74.21	73.98	70.06	51.39
1559	70.19	72.60	71.34	66.80	74.12	73.77	69.97	51.40
1560	70.15	72.42	71.14	66.76	74.03	73.58	69.87	51.42
1561	70.12	72.23	70.94	66.73	73.93	73.39	69.76	51.44
1562	70.09	72.06	70.74	66.69	73.83	73.20	69.66	51.45
1563	70.05	71.89	70.54	66.65	73.74	73.02	69.55	51.46
1564	70.02	71.72	70.35	66.61	73.64	72.84	69.44	51.48
1565	69.98	71.55	70.16	66.57	73.55	72.66	69.34	51.49
1566	69.94	71.39	69.97	66.52	73.45	72.48	69.22	51.50
1567	69.90	71.23	69.79	66.48	73.35	72.31	69.11	51.52
1568	69.86	71.07	69.61	66.43	73.25	72.15	69.00	51.53
1569	69.81	70.92	69.44	66.38	73.15	71.99	68.88	51.54
1570	69.77	70.76	69.27	66.34	73.05	71.83	68.77	51.56
1571	69.72	70.61	69.09	66.29	72.95	71.67	68.66	51.58
1572	69.68	70.46	68.93	66.24	72.85	71.51	68.54	51.59
1573	69.63	70.32	68.76	66.18	72.75	71.36	68.42	51.60
1574	69.58	70.17	68.60	66.13	72.64	71.21	68.31	51.62
1575	69.53	70.03	68.44	66.07	72.54	71.06	68.19	51.64
1576	69.48	69.89	68.29	66.02	72.43	70.92	68.08	51.65
1577	69.43	69.76	68.13	65.97	72.34	70.78	67.96	51.66
1578	69.38	69.63	67.99	65.91	72.23	70.63	67.84	51.68
1579	69.33	69.49	67.84	65.86	72.13	70.50	67.73	51.69
1580	69.28	69.37	67.69	65.80	72.02	70.36	67.61	51.70
1581	69.23	69.24	67.55	65.75	71.92	70.23	67.49	51.72
1582	69.17	69.12	67.41	65.69	71.83	70.09	67.38	51.73
1583	69.12	68.99	67.27	65.63	71.72	69.97	67.26	51.74
1584	69.07	68.87	67.14	65.58	71.61	69.83	67.15	51.75
1585	69.01	68.75	67.01	65.52	71.51	69.72	67.03	51.76
1586	68.96	68.64	66.88	65.46	71.41	69.59	66.92	51.78
1587	68.90	68.53	66.75	65.40	71.30	69.47	66.80	51.79
1588	68.85	68.41	66.63	65.34	71.20	69.35	66.69	51.81
1589	68.79	68.31	66.51	65.28	71.10	69.23	66.58	51.82
1590	68.74	68.20	66.39	65.22	71.00	69.11	66.47	51.83
1591	68.68	68.09	66.27	65.16	70.89	68.99	66.35	51.84
1592	68.63	67.99	66.15	65.10	70.79	68.88	66.24	51.86
1593	68.57	67.89	66.04	65.05	70.69	68.77	66.14	51.87
1594	68.51	67.79	65.93	64.99	70.59	68.66	66.03	51.89
1595	68.45	67.69	65.82	64.92	70.49	68.55	65.92	51.90
