# t/min T1/C p1/bar T2/C p2/bar N/W

0   
1   
2
3
4
5
6
7
8
9
10
11
12
13
14
15
16
17
18
19
20
21
22
23
24
25
26
27
28
29
30
31
32
33
34
35
21.7
23.0
24.3
25.3
26.4
27.5
28.8
29.7
30.9
31.9
32.9
33.9
34.8
35.7
36.7
37.6
38.4
39.2
40.0
40.7
41.4
42.2
42.9
43.6
44.3
44.9
45.5
46.1
46.7
47.3
47.8
48.4
48.9
49.4
49.9
50.3
4.0
5.0
5.5
6.0
6.0
6.0
6.5
6.5
7.0
7.0
7.0
7.5
7.5
8.0
8.0
8.0
8.5
8.5
9.0
9.0
9.0
9.0
9.5
9.5
10.0
10.0
10.0
10.0
10.5
10.5
10.75
11.0
11.0
11.0
11.0
11.0
21.7
21.7
21.6
21.5
20.8
20.1
19.2
18.5
17.7
16.9
16.2
15.5
14.9
14.2
13.6
13.0
12.4
11.7
11.3
10.9
10.4
9.9
9.5
9.1
8.7
8.3
8.0
7.7
7.4
7.1
6.8
5.6
4.3
3.4
3.0
2.9
4.1
3.2
3.4
3.5
3.5
3.4
3.3
3.2
3.2
3.0
3.0
2.9
2.8
2.8
2.7
2.6
2.6
2.6
2.5
2.5
2.4
2.4
2.4
2.4
2.4
2.4
2.3
2.2
2.2
2.2
2.2
2.2
2.2
2.2
2.2
2.2
120
120
120
120
120
120
120
120
120
120
120
120
120
120
120
120
120
120
120
120
120
120
120
120
120
120
120
122
122
122
122
122
122
122
122
122
