# Messungen des Impuls-Echos
#Messungsnummer,  Entfernung in [mm], Impulszeit [mukro sekunde], Amplitude [Volt]
#
1   13.2    10.75   0.308
2   60.8    45.3    0.034
3   21.6    16.8    0.195
4   53.3    39.8    0.043
5   30.3    23.2    0.126
6   45.4    34.3    0.032
7   38.8    29.4    0.074
8   38.0    28.9    0.069
9   46.7    35.2    0.057
10  30.0    22.9    0.110
11  54.7    41.0    0.042
12  21.9    17.1    0.135
13  62.8    46.8    0.026
14  13.8    11.2    0.222
16  6.80    5.40    0.300    
17  15.5    12.4    0.365
18  54.6    40.8    0.039
19  59.0    44.0    0.0022
20  19.5    15.1    0.124
21  60.7    45.4    0.0024
22  17.8    13.9    0.135
23  80.0    59.1    0.029  